8388607
8347333
8298542
8241980
8193805
8145911
8090389
8043100
7996088
7941587
7895168
7849020
7795521
7749956
7697132
7652142
7607414
7562948
7511400
7467495
7416597
7373246
7330149
7280187
7237634
7195329
7146286
7104516
7062989
7014848
6973846
6926312
6885827
6845579
6798920
6759180
6719672
6673871
6634862
6596080
6551122
6512830
6468439
6430630
6393042
6355675
6312355
6275458
6232685
6196255
6160037
6118051
6082290
6046738
6005524
5970421
5935524
5895068
5860610
5826355
5786642
5752819
5713608
5680212
5647010
5614003
5575738
5543148
5505366
5473186
5441195
5404108
5372521
5341118
5304713
5273707
5242881
5207146
5176710
5141426
5111374
5081497
5046862
5017363
4988036
4958880
4925081
4896293
4862920
4834496
4806238
4773479
4745578
4713232
4685683
4658295
4631066
4599501
4572617
4541450
4514905
4488515
4457921
4431865
4405960
4375929
4350351
4324923
4295445
4270338
4245377
4216441
4191795
4163224
4138890
4114698
4090647
4062765
4039018
4011488
3988041
3964730
3937707
3914691
3888008
3865283
3842690
3820229
3794190
3772013
3746303
3724406
3702636
3677399
3655905
3634535
3609763
3588663
3567687
3543370
3522659
3502069
3478199
3457868
3434300
3414226
3394269
3374430
3351430
3331840
3309131
3289788
3270559
3248267
3229281
3210406
3188524
3169886
3151358
3129879
3111584
3093397
3072312
3054354
3033536
3015805
2998177
2980652
2960337
2943033
2922974
2905889
2888903
2869213
2852442
2835769
2816441
2799978
2783612
2764639
2748480
2729746
2713791
2697928
2679539
2663877
2648307
2630256
2614882
2599598
2581879
2566788
2549292
2534392
2519578
2504851
2487778
2473237
2456379
2442021
2427747
2411200
2397106
2383095
2366852
2353018
2339264
2323320
2309740
2296239
2280588
2267258
2251804
2238642
2225557
2212549
2197468
2184624
2169733
2157051
2144443
2129827
2117377
2105001
2090654
2078434
2066285
2052201
2040206
2026300
2014456
2002681
1989031
1977405
1965847
1954357
1941036
1929690
1916538
1905335
1894198
1881288
1870291
1857544
1846686
1835892
1825161
1812721
1802125
1789842
1779380
1768980
1756922
1746653
1736444
1724608
1714528
1704506
1692888
1682993
1673156
1661752
1652039
1640779
1631188
1621654
1612175
1601186
1591827
1580978
1571737
1562550
1551899
1542828
1533810
1523356
1514452
1505600
1495338
1486597
1477908
1467835
1459255
1449309
1440838
1432416
1424043
1414337
1406070
1396486
1388324
1380209
1370801
1362789
1354823
1345589
1337724
1329905
1320840
1313120
1305444
1296547
1288968
1280183
1272700
1265261
1257865
1249292
1241989
1234730
1226314
1219146
1210836
1203759
1196723
1188566
1181619
1174712
1166705
1159886
1153106
1145247
1138553
1130792
1124183
1117612
1109994
1103506
1097056
1089579
1083210
1076879
1069539
1063287
1057072
1049867
1043731
1037630
1030557
1024534
1018545
1011603
1005690
998835
992997
987193
981423
974733
969036
962431
956805
951213
944729
939207
933718
927353
921933
916544
910297
904976
899687
893554
888332
882277
877120
871993
866896
860987
855955
850121
845152
840212
834485
829607
824758
819136
814349
809589
804070
799371
793922
789282
784668
779320
774765
770236
764986
760515
756070
750916
746527
741439
737105
732797
727802
723548
719319
714416
710240
705399
701276
697177
692425
688378
683686
679689
675717
671111
667188
663288
658768
654917
650453
646651
642871
638490
634758
631047
626746
623083
619441
615219
611623
607454
603903
600373
596864
592796
589331
585314
581893
578492
574549
571190
567852
563981
560685
557408
553608
550372
547155
543426
540250
536567
533431
530313
527213
523620
520559
517011
513989
510985
507502
504536
501587
498168
495256
492361
489005
486147
483305
480011
477206
473953
471183
468429
465691
462516
459813
456679
454010
451356
448279
445659
443054
440034
437462
434905
431941
429416
426489
423997
421518
418645
416198
413765
410945
408543
406155
403387
401029
398685
395968
393653
390970
388685
386413
384154
381536
379306
376720
374518
372329
369792
367630
365481
362990
360868
358759
356314
354231
352161
349760
347716
345346
343327
341321
339326
337013
335043
332759
330814
328881
326639
324730
322832
320631
318757
316894
314734
312894
311065
308945
307139
305344
303263
301490
299728
297685
295945
293928
292210
290502
288522
286836
285159
283492
281560
279914
278006
276381
274766
272893
271298
269449
267874
266308
264751
262947
261410
259882
258111
256602
254853
253363
251882
250166
248703
247250
245564
244129
242702
241048
239639
238006
236614
235231
233856
232262
230905
229331
227991
226658
225113
223797
222489
220973
219681
218397
216908
215641
214380
212919
211674
210232
209003
207781
206567
205159
203959
202569
201385
200208
198844
197681
196526
195186
194045
192911
191596
190476
189178
188072
186973
185699
184613
183534
182283
181218
180159
178931
177885
176845
175640
174613
173592
172409
171401
170399
169238
168249
167102
166125
165154
164029
163070
162117
161012
160071
159135
158050
157126
156056
155143
154237
153335
152290
151400
150515
149489
148615
147602
146739
145882
144887
144040
143199
142222
141391
140565
139607
138791
137845
137039
136238
135309
134518
133732
132821
132044
131272
130378
129616
128858
127980
127232
126488
125626
124892
124040
123315
122594
121759
121047
120340
119519
118821
118126
117321
116635
115954
115163
114490
113710
113045
112384
111728
110966
110317
109565
108925
108288
107550
106922
106297
105572
104955
104342
103630
103025
102422
101724
101130
100440
99853
99270
98689
98017
97444
96780
96214
95652
95000
94444
93892
93252
92707
92165
91537
91002
90470
89854
89328
88720
88201
87685
87088
86579
86073
85486
84986
84490
83914
83423
82936
82370
81889
81410
80855
80383
79913
79368
78904
78366
77908
77453
76925
76475
76028
75510
75069
74630
74121
73688
73257
72758
72333
71910
71420
71002
70587
70106
69696
69221
68817
68415
67948
67551
67156
66699
66309
65921
65472
65089
64709
64268
63892
63518
63086
62717
62289
61925
61563
61144
60786
60431
60019
59668
59319
58915
58571
58228
57832
57493
57102
56768
56436
56106
55724
55398
55020
54699
54379
54008
53693
53379
53015
52705
52397
52040
51736
51433
51083
50784
50438
50143
49850
49559
49221
48933
48600
48316
48033
47706
47427
47150
46828
46555
46237
45967
45698
45387
45122
44858
44552
44292
44033
43776
43477
43223
42928
42677
42428
42139
41893
41607
41364
41122
40882
40603
40366
40091
39856
39623
39353
39123
38894
38629
38404
38179
37919
37697
37477
37221
37004
36752
36537
36323
36076
35865
35655
35412
35205
34999
34761
34558
34356
34121
33922
33724
33494
33298
33071
32878
32686
32463
32273
32084
31866
31680
31494
31280
31097
30915
30704
30525
30346
30140
29963
29788
29585
29412
29212
29041
28871
28675
28507
28340
28147
27983
27819
27629
27468
27281
27121
26963
26779
26622
26467
26286
26133
25980
25803
25652
25502
25328
25180
25033
24862
24717
24573
24405
24263
24097
23956
23816
23654
23516
23378
23219
23083
22948
22792
22659
22504
22373
22242
22112
21961
21833
21684
21557
21431
21285
21161
21037
20894
20771
20650
20509
20389
20270
20132
20014
19878
19762
19646
19512
19398
19285
19153
19042
18912
18801
18691
18564
18455
18348
18222
18116
18010
17887
17783
17662
17558
17456
17337
17235
17135
17018
16918
16803
16705
16607
16494
16398
16302
16191
16096
16002
15893
15800
15692
15600
15509
15404
15314
15224
15120
15032
14944
14842
14755
14655
14569
14484
14385
14301
14218
14121
14038
13956
13861
13780
13699
13606
13526
13447
13356
13278
13187
13110
13033
12945
12869
12794
12707
12632
12558
12473
12400
12315
12243
12172
12089
12018
11948
11878
11797
11728
11648
11580
11501
11434
11367
11301
11224
11158
11082
11017
10953
10878
10815
10741
10678
10616
10554
10482
10420
10349
10289
10229
10159
10100
10041
9972
9914
9856
9789
9732
9675
9609
9553
9487
9432
9377
9322
9258
9204
9142
9088
9035
8973
8921
8869
8808
8757
8706
8646
8596
8546
8487
8438
8380
8331
8283
8226
8178
8130
8075
8028
7981
7926
7880
7834
7780
7735
7690
7637
7593
7541
7497
7453
7402
7359
7316
7266
7224
7181
7132
7091
7049
7001
6960
6920
6872
6832
6792
6746
6707
6667
6622
6583
6538
6500
6462
6418
6381
6343
6300
6263
6227
6184
6148
6106
6070
6035
5994
5959
5924
5884
5849
5815
5775
5742
5708
5669
5636
5603
5565
5532
5495
5462
5431
5394
5362
5331
5294
5263
5233
5197
5167
5131
5101
5072
5042
5007
4978
4949
4915
4887
4853
4825
4797
4764
4736
4709
4681
4649
4622
4590
4564
4532
4506
4480
4453
4423
4397
4367
4342
4316
4287
4262
4233
4208
4183
4159
4131
4107
4079
4055
4031
4003
3980
3957
3930
3907
3884
3858
3835
3813
3787
3764
3739
3717
3695
3674
3649
3627
3603
3581
3561
3536
3516
3495
3471
3451
3431
3407
3387
3368
3345
3325
3302
3283
3264
3242
3223
3204
3182
3163
3145
3124
3105
3084
3066
3048
3030
3010
2992
2972
2954
2934
2917
2900
2880
2863
2847
2827
2811
2792
2775
2759
2740
2724
2708
2690
2674
2656
2640
2625
2607
2592
2577
2559
2544
2529
2512
2497
2483
2466
2451
2435
2420
2406
2390
2376
2362
2346
2332
2318
2303
2289
2274
2260
2247
2232
2219
2206
2191
2178
2165
2150
2138
2125
2111
2099
2086
2072
2060
2048
2034
2022
2008
1996
1985
1973
1960
1948
1935
1924
1912
1899
1888
1875
1864
1854
1843
1830
1819
1807
1797
1786
1774
1763
1753
1741
1731
1721
1709
1699
1689
1678
1668
1657
1647
1637
1628
1617
1607
1596
1587
1578
1567
1558
1549
1538
1529
1519
1510
1501
1491
1482
1473
1463
1455
1446
1436
1428
1419
1410
1402
1392
1384
1376
1366
1358
1350
1343
1333
1326
1317
1309
1301
1292
1285
1277
1269
1261
1253
1245
1238
1230
1222
1215
1207
1200
1193
1185
1178
1171
1163
1156
1148
1141
1135
1127
1120
1114
1106
1100
1093
1086
1080
1073
1066
1060
1054
1046
1040
1033
1027
1021
1014
1008
1002
995
990
984
977
971
966
959
954
948
942
936
931
924
919
913
907
902
896
891
885
879
874
869
863
858
853
847
842
837
832
827
822
816
812
806
801
797
791
787
782
777
772
768
762
758
753
748
744
739
735
730
726
721
717
712
708
704
699
695
691
686
682
677
673
669
665
661
657
653
649
645
641
637
632
629
625
621
617
614
609
606
602
598
595
591
587
584
580
576
573
570
566
562
559
555
552
548
545
542
538
535
532
528
525
522
519
516
512
509
506
503
500
497
493
490
488
484
481
478
475
473
470
467
464
461
458
455
452
450
447
444
441
439
436
433
430
428
425
422
420
417
415
412
410
407
405
402
399
397
395
392
390
387
385
383
380
378
376
373
371
369
366
364
362
359
357
355
353
351
348
346
344
342
340
338
336
334
331
329
327
325
323
321
319
317
315
313
311
309
308
306
304
302
300
298
296
294
293
291
289
287
286
284
282
280
278
277
275
273
272
270
268
267
265
263
262
260
258
257
255
254
252
250
249
247
246
244
243
241
240
238
237
235
234
232
231
230
228
227
225
224
222
221
220
218
217
216
214
213
212
210
209
208
206
205
204
203
201
200
199
198
196
195
194
193
192
190
189
188
187
186
185
183
182
181
180
179
178
177
176
175
173
172
171
170
169
168
167
166
165
164
163
162
161
160
159
158
157
156
155
154
153
152
151
150
149
148
148
147
146
145
144
143
142
141
140
139
139
138
137
136
135
134
134
133
132
131
130
129
129
128
127
126
126
125
124
123
122
122
121
120
119
119
118
117
116
116
115
114
114
113
112
111
111
110
109
109
108
107
107
106
105
105
104
103
103
102
101
101
100
100
99
98
98
97
97
96
95
95
94
94
93
92
92
91
91
90
90
89
88
88
87
87
86
86
85
85
84
84
83
83
82
82
81
81
80
80
79
79
78
78
77
77
76
76
75
75
74
74
73
73
72
72
72
71
71
70
70
69
69
68
68
68
67
67
66
66
66
65
65
64
64
64
63
63
62
62
62
61
61
60
60
60
59
59
59
58
58
58
57
57
56
56
56
55
55
55
54
54
54
53
53
53
52
52
52
51
51
51
50
50
50
49
49
49
49
48
48
48
47
47
47
46
46
46
46
45
45
45
44
44
44
44
43
43
43
43
42
42
42
41
41
41
41
40
40
40
40
39
39
39
39
38
38
38
38
37
37
37
37
37
36
36
36
36
35
35
35
35
35
34
34
34
34
33
33
33
33
33
32
32
32
32
32
31
31
31
31
31
30
30
30
30
30
29
29
29
29
29
29
28
28
28
28
28
28
27
27
27
27
27
26
26
26
26
26
26
26
25
25
25
25
25
25
24
24
24
24
24
24
23
23
23
23
23
23
23
22
22
22
22
22
22
22
21
21
21
21
21
21
21
21
20
20
20
20
20
20
20
20
19
19
19
19
19
19
19
19
18
18
18
18
18
18
18
18
18
17
17
17
17
17
17
17
17
17
16
16
16
16
16
16
16
16
16
16
15
15
15
15
15
15
15
15
15
15
14
14
14
14
14
14
14
14
14
14
14
13
13
13
13
13
13
13
13
13
13
13
13
12
12
12
12
12
12
12
12
12
12
12
12
12
11
11
11
11
11
11
11
11
11
11
11
11
11
11
10
10
10
10
10
10
10
10
10
10
10
10
10
10
10
9
9
9
9
9
9
9
9
9
9
9
9
9
9
9
9
9
8
8
8
8
8
8
8
8
8
8
8
8
8
8
8
8
8
8
8
7
7
7
7
7
7
7
7
7
7
7
7
7
7
7
7
7
7
7
7
7
7
6
6
6
6
6
6
6
6
6
6
6
6
6
6
6
6
6
6
6
6
6
6
6
6
6
5
5
5
5
5
5
5
5
5
5
5
5
5
5
5
5
5
5
5
5
5
5
5
5
5
5
5
5
5
4
4
4
4
4
4
4
4
4
4
4
4
4
4
4
4
4
4
4
4
4
4
4
4
4
4
4
4
4
4
4
4
4
4
4
4
3
3
3
3
3
3
3
3
3
3
3
3
3
3
3
3
3
3
3
3
3
3
3
3
3
3
3
3
3
3
3
3
3
3
3
3
3
3
3
3
3
3
3
3
3
3
2
2
2
2
2
2
2
2
2
2
2
2
2
2
2
2
2
2
2
2
2
2
2
2
2
2
2
2
2
2
2
2
2
2
2
2
2
2
2
2
2
2
2
2
2
2
2
2
2
2
2
2
2
2
2
2
2
2
2
2
2
2
2
2
2
2
1
1
1
1
1
1
1
1
1
1
1
1
1
1
1
1
1
1
1
1
1
1
1
1
1
1
1
1
1
1
1
1
1
1
1
1
1
1
1
1
1
1
1
1
1
1
1
1
1
1
1
1
1
1
1
1
1
1
1
1
1
1
1
1
1
1
1
1
1
1
1
1
1
1
1
1
1
1
1
1
1
1
1
1
1
1
1
1
1
1
1
1
1
1
1
1
1
1
1
1
1
1
1
1
1
1
1
1
1
1
1
0
0
0
0
0
0
0
0
0
0
0
0
0
0
0
0
0
0
0
0
0
0
0
0
0
0
0
0
0
0
0
0
0
0
0
0
0
0
0
0
0
0
0
0
0
0
0
0
0
0
0
0
0
0
0
0
0
0
0
0
0
0
0
0
0
0
0
0
0
0
0
0
0
0
0
0
0
0
0
0
0
0
0
0
0
0
0
0
0
0
0
0
0
0
0
0
0
0
0
0
0
0
0
0
0
0
0
0
0
0
0
0
0
0
0
0
0
0
0
0
0
0
0
0
0
0
0
0
0
0
0
0
0
0
0
0
0
0
0
0
0
0
0
0
0
0
0
0
0
0
0
0
0
0
0
0
0
0
0
0
0
0
0
0
0
0
0
0
0
0
0
0
0
0
0
0
0
0
0
0
0
0
0
0
0
0
0
0
0
0
0
0
0
0
0
0
0
0
0
0
0
0
0
0
0
0
0
0
0
0
0
0
0
0
0
0
0
0
0
0
0
0
0
0
0
0
0
0
0
0
0
0
0
0
0
0
0
0
0
0
0
0
0
0
0
0
0
0
0
0
0
0
0
0
0
0
0
0
0
0
0
0
0
0
0
0
0
0
0
0
0
0
0
0
0
0
0
0
0
0
0
0
0
0
0
0
0
0
0
0
0
0
0
0
0
0
0
0
0
0
0
0
0
0
0
0
0
0
0
0
0
0
0
0
0
0
0
0
0
0
0
0
0
0
0
0
0
0
0
0
0
0
0
0
0
0
0
0
0
0
0
0
0
0
0
0
0
0
0
0
0
0
0
0
0
0
0
0
0
0
0
0
0
0
0
0
0
0
0
0
0
0
0
0
0
0
0
0
0
0
0
0
0
0
0
0
0
0
0
0
0
0
0
0
0
0
0
0
0
0
0
0
0
0
0
0
0
0
0
0
0
0
0
0
0
0
0
0
0
0
0
0
0
0
0
0
0
0
0
0
0
0
0
0
0
0
0
0
0
0
0
0
0
0
0
0
0
0
0
0
0
0
0
0
0
0
0
0
0
0
0
0
0
0
0
0
0
0
0
0
0
0
0
0
0
0
0
0
0
0
0
0
0
0
0
0
0
0
0
0
0
0
0
0
0
0
0
0
0
0
0
0
0
0
0
0
0
0
0
0
0
0
0
0
0
0
0
0
0
0
0
0
0
0
0
0
0
0
0
0
0
0
0
0
0
0
0
0
0
0
0
0
0
0
0
0
0
0
0
0
0
0
0
0
0
0
0
0
0
0
0
0
0
0
0
0
0
0
0
0
0
0
0
0
0
0
0
0
0
0
0
0
0
0
0
0
0
0
0
0
0
0
0
0
0
0
0
0
0
0
0
0
0
0
0
0
0
0
0
0
0
0
0
0
0
0
0
0
0
0
0
0
0
0
0
0
0
0
0
0
0
0
0
0
0
0
0
0
0
0
0
0
0
0
0
0
0
0
0
0
0
0
0
0
0
0
0
0
0
0
0
0
0
0
0
0
0
0
0
0
0
0
0
0
0
0
0
0
0
0
0
0
0
0
0
0
0
0
0
0
0
0
0
0
0
0
0
0
0
0
0
0
0
0
0
0
0
0
0
0
0
0
0
0
0
0
0
0
0
0
0
0
0
0
0
0
0
0
0
0
0
0
0
0
0
0
0
0
0
0
0
0
0
0
0
0
0
0
0
0
0
0
0
0
0
0
0
0
0
0
0
0
0
0
0
0
0
0
0
0
0
0
0
0
0
0
0
0
0
0
0
0
0
0
0
0
0
0
0
0
0
0
0
0
0
0
0
0
0
0
0
0
0
0
0
0
0
0
0
0
0
0
0
0
0
0
0
0
0
0
0
0
0
0
0
0
0
0
0
0
0
0
0
0
0
0
0
0
0
0
0
0
0
0
0
0
0
0
0
0
0
0
0
0
0
0
0
0
0
0
0
0
0
0
0
0
0
0
0
0
0
0
0
0
0
0
0
0
0
0
0
0
0
0
0
0
0
0
0
0
0
0
0
0
0
0
0
0
0
0
0
0
0
0
0
0
0
0
0
0
0
0
0
0
0
0
0
0
0
0
0
0
0
0
0
0
0
0
0
0
0
0
0
0
0
0
0
0
0
0
0
0
0
0
0
0
0
0
0
0
0
0
0
0
0
0
0
0
0
0
0
0
0
0
0
0
0
0
0
0
0
0
0
0
0
0
0
0
0
0
0
0
0
0
0
0
0
0
0
0
0
0
0
0
0
0
0
0
0
0
0
0
0
0
0
0
0
0
0
0
0
0
0
0
0
0
0
0
0
0
0
0
0
0
0
0
0
0
0
0
0
0
0
0
0
0
0
0
0
0
0
0
0
0
0
0
0
0
0
0
0
0
0
0
0
0
0
0
0
0
0
0
0
0
0
0
0
0
0
0
0
0
0
0
0
0
0
0
0
0
0
0
0
0
0
0
0
0
0
0
0
0
0
0
0
0
0
0
0
0
0
0
0
0
0
0
0
0
0
0
0
0
0
0
0
0
0
0
0
0
0
0
0
0
0
0
0
0
0
0
0
0
0
0
0
0
0
0
0
0
0
0
0
0
0
0
0
0
0
0
0
0
0
0
0
0
0
0
0
0
0
0
0
0
0
0
0
0
0
0
0
0
0
0
0
0
0
0
0
0
0
0
0
0
0
0
0
0
0
0
0
0
0
0
0
0
0
0
0
0
0
0
0
0
0
0
0
0
0
0
0
0
0
0
0
0
0
0
0
0
0
0
0
0
0
0
0
0
0
0
0
0
0
0
0
0
0
0
0
0
0
0
0
0
0
0
0
0
0
-240
