697580
102574
-229871
-509564
-684676
-811209
-855043
-755732
-493390
-188756
121108
529750
957630
1249293
1492412
1634452
1700792
1705322
1419290
1213484
858134
499118
87107
-328471
-559711
-739444
-881772
-917429
-835706
-532905
-261388
112682
532063
892303
1226351
1444801
1585599
1664330
1661867
1384630
1134127
827211
404745
-1489
-369422
-599036
-815727
-935228
-974844
-847708
-596995
-277830
46473
462315
894538
1180544
1401619
1544719
1628972
1631895
1326424
1112680
803146
384535
-33719
-399308
-680480
-857321
-994601
-1026989
-918592
-623854
-337423
-17528
475127
839138
1138436
1385103
1527910
1602950
1597913
1306196
1046771
734926
367270
-51446
-475813
-712971
-916759
-1037732
-1069986
-917003
-676797
-392874
-8949
417787
788843
1095204
1353535
1496789
1576108
1573364
1292175
1035337
721687
283323
-129162
-495228
-734797
-953865
-1077607
-1111814
-974514
-723986
-397417
-64989
368273
805738
1094545
1319449
1490460
1554164
1558801
1245357
1025520
655766
278925
-142053
-564401
-802560
-984417
-1120670
-1151260
-1035129
-736980
-442089
-116747
388944
763740
1065498
1319630
1465744
1542125
1536464
1236576
969044
652525
276922
-212441
-585708
-820575
-1035621
-1150996
-1185707
-1022023
-776144
-486511
-91775
348031
724901
1072052
1297004
1464671
1525807
1525681
1195495
970663
648228
203843
-219591
-596218
-880885
-1055873
-1190387
-1218207
-1073824
-781743
-474896
-137062
374441
752454
1050488
1303094
1450308
1516462
1507938
1195087
971774
592556
206065
-222700
-655350
-892773
-1103332
-1215681
-1245394
-1120896
-815871
-513487
-110015
339923
719588
1057341
1283009
1450769
1509444
1502210
1194772
921273
596029
213614
-286939
-663601
-948951
-1118632
-1238218
-1271482
-1096572
-849914
-500551
-146748
301748
753881
1038761
1290867
1440762
1502609
1500841
1164749
927892
545329
143425
-351744
-718580
-957951
-1134488
-1269559
-1294565
-1073204
-844884
-534184
-117542
336099
786170
1054109
1280326
1430130
1502054
1487590
1136681
881786
552981
69962
-348106
-767148
-1006604
-1173546
-1298282
-1318051
-1113242
-836318
-513519
-85281
367742
759840
1075721
1288922
1437595
1500727
1464469
1143043
833214
500812
-1761
-410842
-770604
-1050551
-1214733
-1315796
-1336952
-1089691
-821477
-491365
-118300
340821
796527
1059246
1301954
1446005
1500270
1423783
1116245
789077
451175
14416
-404048
-818706
-1057541
-1222585
-1339950
-1356887
-1070538
-851425
-521902
-81644
374269
771253
1041914
1293694
1440322
1501305
1445594
1091143
802295
465285
-54539
-463853
-818286
-1099921
-1259767
-1353606
-1372197
-1099288
-831654
-495112
-111148
347633
809392
1070867
1311479
1452238
1500936
1399258
1099213
816728
414611
-37707
-452630
-863708
-1102557
-1267132
-1378471
-1388777
-1083024
-861776
-524388
-141285
387016
789923
1101779
1308105
1448854
1505294
1420818
1108260
774590
430216
-16882
-511860
-862958
-1108774
-1305060
-1394056
-1402530
-1109541
-888213
-550048
-102362
362105
827972
1087190
1299456
1461449
1507809
1448430
1087020
790632
444480
-85186
-500866
-902094
-1144891
-1312457
-1413031
-1420007
-1137776
-863314
-521927
-129435
400227
810897
1076123
1320492
1460282
1511347
1401318
1099529
808291
395208
-64321
-557609
-900111
-1151018
-1342861
-1422521
-1434647
-1116850
-893106
-547008
-86753
381453
791375
1107874
1312830
1476808
1516924
1422354
1080561
769094
413154
-130353
-546693
-891210
-1180679
-1349632
-1434239
-1446555
-1142878
-920190
-518302
-116690
420192
830794
1095065
1340092
1474673
1519450
1391725
1089947
784186
364523
-108343
-601565
-934998
-1184119
-1351949
-1451924
-1459610
-1125605
-893627
-540350
-71055
398382
815856
1132889
1337232
1475069
1526158
1408554
1105112
748508
382284
-173253
-588788
-931815
-1217174
-1385168
-1463940
-1470656
-1147483
-919221
-505340
-92752
442902
857558
1122564
1329151
1490336
1530675
1358633
1085262
768484
332196
-153397
-573793
-966236
-1218234
-1411638
-1482791
-1482004
-1132014
-890211
-472265
-44428
420695
895877
1158682
1356021
1507748
1539295
1317508
1060765
725211
281014
-214239
-700086
-1002007
-1247456
-1417367
-1495311
-1488649
-1117650
-855813
-432920
15397
469237
935029
1196441
1382332
1520964
1544227
1345027
1034495
690550
301044
-262840
-685842
-997221
-1276272
-1440080
-1509375
-1485945
-1136348
-821193
-455952
-13741
524860
925121
1187616
1407792
1523559
1552080
1299565
1052633
651895
249382
-245593
-668968
-1031980
-1275741
-1461004
-1522296
-1506117
-1121157
-847035
-486041
49449
503448
912170
1224227
1405397
1537599
1558375
1329176
1026046
671453
272306
-297152
-726148
-1030855
-1303635
-1466404
-1529791
-1495268
-1141066
-809897
-440689
16379
557171
949663
1215512
1434325
1541519
1565039
1285371
1046159
691012
221997
-279337
-776726
-1064080
-1303380
-1487761
-1540829
-1518294
-1124012
-835295
-466401
81268
532319
938250
1251052
1430463
1554515
1572223
1312185
1062337
651220
241188
-262254
-764803
-1059838
-1329333
-1494528
-1551524
-1499492
-1142324
-860391
-421711
52342
512777
976309
1245950
1459445
1560005
1582402
1270917
1035228
672181
192625
-308600
-749616
-1096701
-1330456
-1499516
-1565545
-1522454
-1160725
-822240
-447949
118770
568304
968092
1279894
1456084
1564888
1585474
1296796
1054803
632057
214763
-291466
-800818
-1089314
-1360275
-1519109
-1573982
-1545001
-1145122
-846479
-398296
90172
546627
1004431
1271367
1454931
1579339
1594940
1323834
1024024
652611
237622
-343193
-786844
-1135912
-1359611
-1522279
-1583824
-1519479
-1166937
-806274
-427730
57653
605123
995908
1267493
1480438
1584243
1604995
1284500
1045145
615434
187582
-327404
-836789
-1122405
-1359423
-1531263
-1596259
-1546769
-1145412
-833278
-454973
127653
585897
1029686
1298169
1482919
1589031
1611526
1311279
1008787
636457
134887
-374655
-821461
-1165463
-1386526
-1550460
-1605511
-1510649
-1165567
-792853
-404835
193299
641505
1019342
1331172
1509779
1603869
1615872
1279488
974065
595316
160419
-424191
-873481
-1158430
-1418898
-1568587
-1612623
-1463356
-1146413
-752603
-354375
163800
619029
1057134
1327721
1538093
1615694
1625115
1253805
997950
551814
103647
-407295
-859104
-1202054
-1417828
-1585271
-1624863
-1497675
-1129219
-773611
-379643
228745
679245
1050224
1355779
1538385
1624061
1629140
1270919
956974
578137
129315
-388599
-905294
-1193517
-1448456
-1591444
-1631596
-1447578
-1146234
-798016
-329326
199195
659221
1083181
1355980
1558919
1636333
1639349
1252138
981997
597518
70458
-439567
-894907
-1235065
-1446623
-1594357
-1642665
-1481339
-1125329
-758947
-355385
173608
716154
1074553
1382719
1560459
1643768
1639484
1271628
1005004
555992
98420
-419787
-943882
-1224836
-1477748
-1614844
-1655088
-1432170
-1142270
-781058
-299017
236362
694981
1109785
1377987
1560952
1655915
1654244
1287879
966456
576840
121966
-471354
-928798
-1267538
-1476141
-1618763
-1661638
-1464398
-1163703
-742650
-325540
213318
753807
1101759
1379988
1584191
1663287
1664380
1267245
991893
599946
59639
-451723
-978009
-1263865
-1473572
-1636455
-1670592
-1502472
-1140232
-765381
-354207
269647
732054
1136017
1404318
1585223
1676048
1663686
1286984
949183
558264
93049
-509489
-961844
-1252290
-1506308
-1641898
-1680510
-1454223
-1159685
-791659
-302467
248681
790432
1130283
1402317
1610423
1682308
1680226
1264751
979901
581968
23253
-487777
-1007782
-1295505
-1502066
-1646174
-1690831
-1485533
-1134556
-749791
-324804
302425
773539
1122952
1432666
1612464
1694079
1668586
1282725
935527
536011
56040
-547432
-995862
-1287105
-1532678
-1662557
-1696610
-1436087
-1152847
-771016
-271096
281122
751385
1154671
1429318
1631137
1700189
1687878
1262204
957959
558560
-20584
-524922
-980402
-1324333
-1529787
-1667414
-1705248
-1465998
-1128823
-735687
-299302
331727
808886
1149678
1455210
1631009
1705595
1670136
1278383
914955
509588
13096
-499936
-1022875
-1320148
-1560025
-1681264
-1713466
-1419311
-1145999
-755905
-239455
312478
786576
1180728
1451349
1634735
1718508
1692906
1298864
938920
536027
46513
-564301
-1015433
-1310431
-1558145
-1689778
-1720498
-1447569
-1167916
-714006
-268890
289257
845254
1171485
1449544
1654910
1724755
1708208
1278010
965328
560850
-27397
-539042
-1002215
-1353136
-1552673
-1705787
-1730006
-1483258
-1138052
-740930
-293459
344634
827089
1165794
1472327
1654205
1735418
1695289
1295565
920180
513945
2929
-605139
-1047167
-1346380
-1585581
-1709365
-1740823
-1434437
-1159725
-763545
-242200
322182
882223
1201526
1471986
1677021
1741908
1714141
1274740
947865
461263
-71508
-577588
-1087601
-1385118
-1620806
-1725288
-1745519
-1465097
-1127283
-721530
-185458
374161
864659
1243990
1499676
1695131
1752728
1687797
1253400
898418
488260
-144680
-645382
-1127263
-1420448
-1617418
-1738558
-1753838
-1421115
-1094783
-679686
-211496
423636
919605
1233435
1530081
1696735
1761722
1644199
1271745
858224
432316
-111729
-709538
-1117766
-1415611
-1647165
-1748836
-1760241
-1382070
-1115914
-701381
-156893
406048
967967
1276993
1525571
1701328
1768304
1675733
1250117
882122
461187
-185218
-686450
-1107179
-1446708
-1646467
-1751306
-1765634
-1409851
-1073337
-660788
-181044
458679
951454
1264334
1557837
1723155
1777372
1621286
1267382
907326
406820
-158406
-662603
-1145896
-1443412
-1643749
-1764804
-1777739
-1378332
-1098879
-684523
-127426
437381
938358
1312059
1552486
1725710
1790441
1658650
1286549
864678
432953
-230108
-725101
-1136446
-1437217
-1673928
-1769425
-1779843
-1399765
-1126057
-640190
-152903
415096
990569
1300993
1584135
1744419
1795305
1600500
1263475
887465
374532
-199707
-703864
-1176145
-1472519
-1674562
-1784041
-1789477
-1421595
-1084220
-663810
-178727
470189
970855
1348283
1581224
1746796
1803858
1635883
1281078
844356
404106
-168316
-766331
-1162852
-1465573
-1702207
-1788139
-1789198
-1392068
-1109211
-620981
-117578
448236
1025362
1335641
1574993
1765709
1814476
1578895
1259489
867802
433741
-239342
-741197
-1197628
-1497034
-1701555
-1806475
-1801623
-1413705
-1070667
-643989
-148316
505562
1006445
1380930
1606991
1767328
1821416
1614283
1276139
824198
372283
-211441
-804721
-1190712
-1524220
-1725216
-1808850
-1798833
-1388355
-1095512
-597285
-80654
567490
1053771
1425094
1640169
1787041
1828221
1559247
1252359
852670
317033
-273279
-867119
-1223972
-1549620
-1746591
-1823589
-1812034
-1365044
-1048726
-547967
-10513
543573
1106447
1413507
1675386
1806092
1835152
1592878
1225007
812581
255634
-331600
-843664
-1259392
-1547150
-1749255
-1836055
-1805831
-1384036
-1003979
-574604
-42723
608633
1091989
1457030
1670524
1808044
1845070
1543297
1247862
762972
285583
-310572
-907033
-1254015
-1574874
-1770241
-1842088
-1822400
-1360685
-1029728
-521842
36303
579327
1137973
1450383
1669282
1826114
1851480
1572514
1213422
788662
313440
-366089
-884933
-1293645
-1572820
-1772907
-1847852
-1803804
-1380725
-982163
-548819
-1819
649404
1125859
1436916
1694563
1830505
1857499
1524865
1236651
739060
251936
-343967
-940745
-1280546
-1573305
-1792295
-1857062
-1823087
-1356465
-1013974
-492278
81324
623784
1166677
1476296
1693270
1832423
1865678
1556366
1198244
764454
197649
-398162
-921746
-1272552
-1598757
-1793542
-1867204
-1796867
-1375205
-961891
-521563
41709
690237
1152297
1465082
1725120
1845338
1868573
1508779
1222743
721604
225067
-381208
-977849
-1309278
-1595353
-1812789
-1871335
-1749659
-1356564
-990359
-461980
125568
664219
1193058
1510023
1719109
1860939
1873970
1471248
1182135
744770
163149
-433672
-958332
-1362414
-1625664
-1813545
-1879651
-1785295
-1332346
-942177
-492519
203617
733030
1228666
1543276
1751807
1872874
1880594
1442026
1138838
702875
193037
-488259
-1016391
-1410614
-1652787
-1833905
-1888493
-1731225
-1349130
-891514
-431021
167848
799253
1221097
1576004
1782096
1879391
1881704
1463026
1169234
724158
130363
-469369
-1072028
-1400652
-1655802
-1850561
-1898521
-1672429
-1326208
-921314
-461227
245451
774799
1256868
1572450
1783047
1894558
1897238
1485156
1124479
678115
156170
-526403
-1053050
-1387903
-1687658
-1858738
-1910150
-1710248
-1348372
-948134
-399077
214807
841632
1253296
1570136
1811426
1901351
1908481
1465259
1148879
705022
91613
-504833
-1098221
-1434195
-1686086
-1879686
-1918070
-1744633
-1323299
-902665
-437936
284097
819551
1247237
1604241
1810589
1920818
1910464
1483642
1180881
654571
125187
-564549
-1082725
-1421169
-1719248
-1879080
-1925148
-1684248
-1341132
-929882
-368230
259560
883073
1278714
1595483
1835296
1923919
1923003
1457680
1131807
680346
50316
-541603
-1067728
-1466001
-1709353
-1895078
-1931078
-1719222
-1311410
-880742
-397684
324078
859919
1269498
1621310
1832612
1924653
1911596
1473292
1083275
631347
90162
-605494
-1123663
-1455071
-1740982
-1895972
-1939573
-1661759
-1330710
-832824
-333700
295099
922747
1306045
1618691
1853097
1936485
1925013
1449130
1111011
572447
7209
-581051
-1169453
-1499092
-1737641
-1911634
-1947207
-1605568
-1297996
-858262
-271702
356628
983755
1345741
1646859
1873449
1949675
1853612
1427618
1064805
515886
-79516
-651480
-1211112
-1545708
-1771022
-1930110
-1952867
-1641365
-1262515
-810318
-213066
413992
964200
1335139
1674769
1873755
1959316
1884675
1442713
1009156
545569
-158056
-723556
-1199822
-1535327
-1805849
-1932104
-1959826
-1590023
-1289793
-760408
-240324
389795
940221
1373971
1670144
1893518
1965310
1916550
1423705
1037374
488359
-125257
-694262
-1246905
-1570707
-1802233
-1949565
-1968227
-1623098
-1245690
-791182
-269409
445839
1004355
1427351
1704018
1895867
1973531
1874311
1438421
986600
516076
-88737
-763515
-1235373
-1568642
-1839231
-1951894
-1971853
-1572494
-1273689
-740994
-204722
427119
1063450
1413741
1698606
1919174
1981998
1814503
1417913
1014567
547426
-172179
-737329
-1275153
-1606062
-1831934
-1969000
-1981667
-1599663
-1232153
-767174
-239283
485123
1043907
1460658
1733155
1918038
1991937
1853428
1437846
967866
487508
-247685
-805792
-1265672
-1639426
-1867722
-1982436
-1981640
-1562494
-1257392
-713241
-172641
543275
1096063
1509473
1766632
1940288
2000437
1791366
1413285
918752
421665
-214495
-874802
-1303843
-1668029
-1895590
-1986413
-1983158
-1534046
-1136710
-664641
-102722
615045
1159160
1498233
1800496
1960641
2006050
1727089
1382649
942642
355756
-289364
-939552
-1337875
-1667879
-1890798
-1999016
-1994378
-1506263
-1165314
-693254
-22264
585486
1206409
1545428
1792601
1960397
2016570
1764335
1350656
895745
384827
-359323
-916736
-1331862
-1695609
-1914164
-2007868
-1988863
-1526842
-1194192
-642030
-60398
656727
1189210
1532629
1789762
1982920
2025001
1704747
1374897
921976
325641
-331229
-890426
-1365781
-1694933
-1917811
-2020618
-2003465
-1500251
-1143839
-667477
24754
624674
1173318
1578717
1821180
1986319
2029461
1740706
1396713
876235
354211
-302068
-957894
-1360044
-1687107
-1937870
-2024266
-2017537
-1521043
-1172727
-612741
-15972
599524
1222663
1566632
1817481
2001634
2037997
1778688
1360197
902873
291683
-369757
-932277
-1349736
-1720244
-1940636
-2035990
-2009452
-1541026
-1117499
-643413
-56099
666226
1207485
1556385
1853810
2008235
2046958
1718919
1385280
927692
321220
-341396
-907604
-1387682
-1713205
-1962746
-2040328
-1979480
-1515202
-1151482
-672288
33274
640035
1192653
1603097
1849245
2023079
2055515
1752927
1350208
878210
353506
-401615
-975989
-1376941
-1743226
-1961564
-2052994
-2005732
-1535415
-1182403
-615208
-7885
715760
1240805
1592105
1881840
2027351
2066303
1699266
1369555
907771
290498
-376539
-952153
-1418448
-1739869
-1966184
-2058474
-2027803
-1554254
-1130749
-646518
80689
684275
1223809
1637269
1878125
2041880
2069513
1728028
1396894
859603
316822
-356889
-1015186
-1408650
-1768080
-1987455
-2063097
-2001875
-1529337
-1158881
-586184
38735
654392
1273847
1625426
1908860
2043874
2076084
1770855
1362093
883352
255310
-413982
-991424
-1455619
-1768600
-1988591
-2076289
-2027534
-1548313
-1099967
-612040
133744
732792
1261550
1670389
1904890
2047559
2081915
1712331
1384567
832303
284140
-388201
-1058131
-1438188
-1796987
-2006784
-2079266
-2049651
-1524410
-1131412
-550687
91598
702569
1309736
1659444
1901880
2066868
2094944
1744994
1343532
861441
218501
-448324
-1035161
-1492450
-1790528
-2014015
-2095183
-2018566
-1544367
-1075758
-585806
179043
776496
1293271
1703491
1934333
2069098
2102687
1692795
1298257
807263
250299
-508016
-1098913
-1474717
-1826165
-2031850
-2099731
-1964488
-1516925
-1022815
-520783
264765
850487
1340112
1691557
1972198
2085328
2099624
1650593
1327329
757040
185181
-482660
-1159602
-1528610
-1819640
-2050486
-2109078
-2002708
-1490334
-1051054
-449168
229977
820088
1377225
1731517
1965948
2101646
2108506
1672694
1279004
787412
111551
-549458
-1136742
-1507702
-1857439
-2054575
-2122535
-1940414
-1510912
-1003136
-483811
190018
895617
1367807
1723547
1993022
2104504
2111153
1637428
1306916
728800
144093
-522316
-1115281
-1566791
-1849957
-2069559
-2126440
-1979120
-1484960
-1032107
-516591
277859
869950
1357603
1758425
1994432
2119446
2121933
1664165
1258888
756172
180616
-586975
-1179313
-1549753
-1883429
-2076315
-2134484
-1913607
-1505320
-978074
-447582
237827
940565
1397119
1752529
2023961
2127244
2130092
1631204
1284976
788024
104031
-561932
-1236790
-1600856
-1879232
-2094812
-2143043
-1954623
-1478473
-1004541
-481943
316870
910966
1388613
1786058
2021241
2131419
2131667
1654525
1318377
734501
141111
-532756
-1213570
-1586755
-1915546
-2093089
-2149665
-1886051
-1496815
-1035516
-412552
282845
879436
1425209
1780404
2044030
2143925
2142276
1624308
1266984
761698
62767
-601741
-1276139
-1639995
-1909418
-2100477
-2156347
-1927044
-1518878
-982269
-444898
356752
952332
1416533
1812974
2044086
2148636
2134418
1648684
1296377
704443
98128
-672144
-1254021
-1622632
-1900859
-2113933
-2165885
-1967330
-1488597
-1011861
-372150
326395
930595
1454798
1807994
2045659
2159673
2153053
1618876
1241382
733801
12557
-639069
-1233445
-1679559
-1939621
-2119648
-2173335
-1895869
-1453139
-957222
-409723
397565
1004383
1443749
1838905
2070601
2168338
2144415
1641813
1187634
676242
-80301
-721520
-1290064
-1724582
-1974424
-2140753
-2176693
-1832296
-1476263
-904215
-337705
461410
1072831
1483154
1864919
2091648
2180327
2109014
1610990
1126565
613323
-42746
-803090
-1340565
-1713154
-2012287
-2158577
-2186575
-1772688
-1440898
-930300
-272334
435822
1142445
1527158
1863249
2113841
2189792
2137400
1583533
1158908
641809
-139177
-768350
-1325511
-1758707
-2008164
-2173107
-2195369
-1805098
-1391709
-876033
-299928
500305
1115594
1521022
1894419
2114800
2197268
2084327
1602977
1099334
578119
-96880
-851096
-1377603
-1746437
-2049297
-2177999
-2202449
-1755196
-1418198
-908226
-233943
470481
1092380
1572233
1890148
2115284
2207163
2123094
1575490
1135813
612715
-189268
-816348
-1356816
-1789682
-2038983
-2181745
-2206691
-1787592
-1446428
-855387
-263383
446332
1156772
1553075
1923723
2138141
2213299
2057679
1602081
1165336
544360
-144877
-782480
-1406287
-1780536
-2077208
-2192986
-2216467
-1742188
-1400516
-879624
-299590
511616
1131837
1535908
1917582
2136477
2226781
2102079
1619649
1108583
577660
-100818
-861405
-1392045
-1767047
-2068790
-2200297
-2222733
-1772010
-1433183
-829436
-228132
482965
1199091
1590088
1909925
2158704
2228884
2140721
1591777
1140027
506186
-194678
-829372
-1439389
-1811738
-2105062
-2211304
-2228313
-1802433
-1385130
-858731
-261552
547645
1173590
1644677
1947090
2160081
2241167
2079031
1610834
1079079
539398
-156860
-909419
-1425175
-1801392
-2099610
-2220849
-2234331
-1755736
-1412041
-805545
-190924
520365
1238913
1626158
1939784
2181403
2245806
2120956
1582409
1112693
576033
-243129
-878662
-1467347
-1841923
-2093320
-2224035
-2238240
-1780125
-1364457
-828723
-223822
588654
1212925
1611425
1975875
2184569
2249931
2042911
1605606
1144955
502679
-212233
-954210
-1456408
-1829568
-2085845
-2236181
-2249880
-1741778
-1389714
-860589
-152272
557625
1191944
1670116
1967740
2186147
2259945
2092057
1624604
1086067
537960
-297770
-926869
-1440894
-1869172
-2123336
-2239333
-2253202
-1766275
-1336001
-807945
-188134
629324
1253538
1651774
2008243
2206640
2268721
2015656
1596825
1030081
468215
-259960
-999877
-1485356
-1862695
-2151686
-2253795
-2245277
-1733999
-1365533
-744729
-103773
705496
1315627
1708374
2000179
2225445
2273729
1943295
1561958
975551
390773
-345572
-972826
-1526941
-1893147
-2174724
-2264860
-2258324
-1701956
-1312034
-773573
-17930
671311
1296977
1759101
2038618
2226241
2280549
1987461
1523230
1004817
425647
-413380
-1043599
-1515232
-1922759
-2175847
-2274089
-2250016
-1723989
-1344612
-714419
-55123
643864
1353612
1742695
2027789
2246767
2290064
1916294
1549393
1038178
351319
-382180
-1018107
-1554443
-1920188
-2170759
-2285808
-2260802
-1692781
-1284354
-752439
-99732
717487
1332791
1798557
2066650
2248988
2297876
1958761
1574769
980177
388669
-351073
-1092502
-1542523
-1952318
-2199575
-2287904
-2276181
-1713842
-1319346
-778715
-3075
683278
1392310
1784031
2103819
2266978
2304595
1997304
1536547
1010887
424036
-421341
-1063222
-1587667
-1949023
-2198857
-2295441
-2261610
-1734352
-1352082
-714471
-46830
765974
1369827
1833311
2099177
2269736
2314513
1929969
1558481
951811
350735
-394476
-1138500
-1577792
-1940202
-2222083
-2305025
-2281200
-1705897
-1290924
-644606
54055
733045
1426994
1818422
2087725
2284877
2313287
1968014
1513795
984241
383980
-464200
-1108601
-1623175
-1972405
-2218941
-2310326
-2257185
-1725925
-1326424
-679590
8411
815319
1405832
1805715
2130751
2285736
2326797
1903541
1542766
1016110
314777
-432568
-1179047
-1604271
-1968761
-2217280
-2320150
-2281260
-1693616
-1263275
-716191
105941
780978
1386094
1850934
2120026
2290750
2331870
1939428
1497728
953504
349328
-499663
-1155444
-1590258
-1993826
-2246132
-2330892
-2237897
-1716675
-1196406
-648221
206648
863522
1440954
1898975
2157624
2310219
2332277
1880209
1443618
897733
273860
-570542
-1222050
-1640308
-2034019
-2260668
-2336118
-2174483
-1686361
-1137001
-571227
160038
946077
1489226
1889355
2193516
2322655
2341595
1829047
1475980
839602
204630
-542494
-1196326
-1698158
-2027514
-2285676
-2349179
-2214144
-1658673
-1170255
-607070
255826
914297
1475474
1929682
2187318
2326916
2344036
1860711
1421144
870238
238921
-511609
-1266879
-1678282
-2060572
-2282054
-2352279
-2144391
-1677091
-1199898
-530883
217749
876192
1519610
1915320
2178240
2338485
2352402
1820221
1450293
901814
162689
-583743
-1241358
-1741744
-2051996
-2280037
-2360465
-2185013
-1646427
-1140065
-571544
175679
963693
1508075
1951136
2213047
2346600
2350702
1842682
1481519
840563
197340
-554109
-1303728
-1718704
-2091653
-2304767
-2363638
-2108613
-1668504
-1167160
-605363
271919
932612
1551871
1945286
2207089
2355621
2363223
1868992
1425315
872752
234054
-625272
-1283115
-1774344
-2083130
-2301160
-2371579
-2149272
-1687535
-1108424
-525508
228235
1013835
1538872
1935091
2241032
2363469
2357822
1831712
1455535
808395
155607
-593189
-1348221
-1760060
-2075445
-2322767
-2383429
-2191923
-1654724
-1138435
-565428
316372
981468
1582137
1973598
2238041
2375917
2368704
1860175
1399999
840494
191242
-662739
-1319288
-1740819
-2109797
-2325367
-2386120
-2120251
-1676515
-1172993
-486053
282368
1063709
1570414
1964802
2268438
2378097
2385310
1822654
1429719
871039
103392
-636372
-1385617
-1798923
-2105606
-2343724
-2392057
-2157074
-1644115
-1110477
-412973
364567
1031326
1608129
2000175
2293134
2392983
2378877
1787415
1372787
711005
7543
-709593
-1446677
-1852471
-2139609
-2361241
-2399415
-2083437
-1604305
-1050338
-445769
446494
1107995
1656857
2031065
2291332
2398290
2355683
1810367
1305214
744491
-98427
-794528
-1422722
-1833036
-2178395
-2365210
-2402072
-2014276
-1626386
-993565
-369142
412770
1191030
1640548
2025281
2309914
2403968
2312849
1776139
1339573
670702
-47186
-759326
-1479597
-1889214
-2170671
-2378057
-2411652
-2054059
-1581060
-1021094
-401101
482537
1152746
1627000
2056365
2314626
2417012
2345877
1799034
1273807
706251
-2530
-847291
-1461115
-1870732
-2210880
-2378828
-2416158
-1981791
-1607687
-964764
-327518
455812
1227581
1674513
2050221
2335978
2420163
2292487
1768066
1309047
741357
-107791
-805164
-1435457
-1925726
-2197343
-2397299
-2418923
-2022741
-1561577
-994782
-363478
524099
1203785
1659803
2083039
2330711
2429120
2326976
1789337
1346641
668962
-56604
-896193
-1494829
-1906370
-2241537
-2398324
-2428293
-1954485
-1583223
-1026819
-285847
496758
1172839
1710373
2074175
2353992
2438286
2361590
1757126
1279432
706952
-160739
-858916
-1473592
-1958983
-2230700
-2411978
-2430760
-1990975
-1536834
-961666
-319329
567639
1245190
1694378
2110053
2356422
2439108
2297151
1774772
1317059
631494
-119939
-944854
-1527000
-1990345
-2268006
-2414948
-2431842
-1931870
-1566173
-903409
-243739
639009
1319263
1748904
2152525
2375575
2448589
2225255
1744182
1252238
553317
-219866
-1025046
-1574571
-2032196
-2302472
-2428320
-2440574
-1891059
-1508281
-842864
-160172
609954
1390796
1813504
2137743
2397926
2457154
2270071
1711871
1183001
591981
-310491
-994601
-1558333
-2021047
-2298672
-2429082
-2436171
-1916267
-1448453
-870823
-201018
675774
1363456
1791036
2181180
2398051
2463513
2189688
1734340
1122780
510777
-279953
-1075436
-1604021
-2016283
-2330235
-2442615
-2451222
-1876642
-1478809
-903499
-108967
652966
1434451
1849646
2168306
2394566
2469070
2234640
1698046
1154129
549279
-366425
-1037458
-1589524
-2048466
-2322203
-2452603
-2442021
-1899469
-1420575
-837241
-152074
728812
1406163
1830496
2211769
2420132
2478333
2156345
1723890
1096637
469965
-323542
-1010230
-1628421
-2038422
-2347879
-2453417
-2450890
-1863418
-1449295
-870453
-56632
696805
1379179
1887893
2196514
2418010
2481758
2196267
1685074
1127678
504600
-280043
-1090316
-1618174
-2069435
-2343826
-2454988
-2437663
-1880185
-1385005
-804264
-99392
666121
1445532
1871330
2242805
2437313
2489995
2119516
1707531
1158689
427081
-371931
-1053159
-1655268
-2063966
-2335765
-2463113
-2452039
-1840232
-1417935
-835059
-143119
741410
1420413
1926940
2234425
2438234
2492799
2166880
1662918
1098316
466412
-335330
-1134674
-1645002
-2088164
-2361599
-2464586
-2426301
-1862969
-1448640
-765721
-48756
709949
1482539
1908339
2224063
2455963
2501831
2087719
1689371
1129225
506702
-418994
-1101617
-1685195
-2081746
-2351184
-2471179
-2450057
-1880538
-1375579
-795564
66744
795157
1464644
1962828
2257602
2475113
2502437
2125603
1713284
1065051
424628
-486868
-1178077
-1668480
-2100794
-2368845
-2476119
-2403153
-1843929
-1411713
-724003
13195
883360
1523691
2015734
2295364
2470368
2506424
2053808
1669009
1004615
345140
-458960
-1252806
-1710881
-2126474
-2386429
-2466744
-2336917
-1805043
-1339067
-646469
120833
843829
1577521
1997624
2336911
2486896
2513597
2093226
1618325
1037770
268590
-531919
-1328656
-1749763
-2108722
-2356633
-2445146
-2367947
-1760946
-1262930
-684860
230658
935038
1626416
2045092
2323953
2488579
2514069
2026049
1560268
975456
304957
-596506
-1284255
-1724392
-2103204
-2395453
-2444411
-2271360
-1773482
-1288873
-596714
182338
1025927
1610415
2029758
2314220
2500538
2518250
1974791
1593627
1004322
229465
-559121
-1256227
-1778131
-2139850
-2375605
-2422037
-2311926
-1781939
-1231563
-626417
284986
981449
1583049
2013798
2346339
2499549
2518263
1999663
1621321
939799
261201
-627864
-1307897
-1740480
-2063684
-2333049
-2418616
-2215079
-1761102
-1228187
-545554
234942
950108
1639410
2057357
2336795
2509402
2522278
2024543
1562573
973060
188879
-594390
-1269583
-1717361
-2082972
-2299290
-2401647
-2220967
-1753538
-1155026
-583757
344527
1031739
1616499
2094615
2369102
2507521
2519880
1974350
1495243
903885
218658
-533268
-1324077
-1748822
-2106676
-2282108
-2312205
-2113815
-1658543
-1066729
-476132
291185
1109250
1653320
2118548
2391566
2517243
2502124
1930610
1528935
829300
132146
-584347
-1358295
-1775092
-2081666
-2236273
-2291129
-1984333
-1582019
-1096896
-379138
383084
1193947
1689573
2109188
2410862
2519254
2509557
1896874
1451829
872259
36082
-622192
-1304129
-1772522
-2025459
-2227183
-2258166
-1991763
-1605723
-1005832
-414799
458083
1148075
1671192
2129059
2399193
2523223
2483041
1909723
1476927
787388
91041
-693495
-1321598
-1713079
-1987704
-2172168
-2198571
-1857692
-1506492
-1004419
-372770
438524
1110484
1700481
2115695
2412220
2518180
2487838
1914614
1404534
840721
7100
-601438
-1250377
-1669688
-1922840
-2091399
-2111532
-1853850
-1488396
-908406
-438368
517562
1191918
1674910
2125604
2392937
2503611
2486910
1869873
1424051
733259
56665
-575667
-1250192
-1629536
-1902418
-2013480
-2031098
-1789391
-1384783
-895226
-306114
485581
1157086
1711974
2104008
2371679
2494496
2451280
1870651
1346946
786148
100403
-617407
-1202062
-1571326
-1800790
-1942050
-1979893
-1660216
-1327390
-797275
-352326
457341
1206634
1676119
2120821
2376156
2480090
2386508
1830386
1377889
687719
8384
-591781
-1140504
-1455004
-1694200
-1821082
-1895436
-1599853
-1256472
-778956
-194710
506746
1159078
1708802
2087710
2354167
2462652
2398577
1838653
1312968
725981
-40573
-615307
-1076925
-1377964
-1622250
-1781163
-1770499
-1429565
-1122219
-646198
-176627
531862
1236349
1665622
2047165
2354921
2441118
2399809
1777104
1305324
678453
34951
-496119
-1020064
-1302349
-1469667
-1619418
-1647704
-1264448
-1028964
-578150
-133128
617894
1220301
1649529
2068775
2318352
2413494
2319088
1802518
1230066
710181
126711
-513989
-917034
-1174647
-1408165
-1518105
-1541431
-1213510
-924419
-602767
-20476
600811
1196272
1664306
2024661
2308541
2392945
2314276
1725912
1256559
657364
77650
-402752
-771375
-1103902
-1293727
-1406695
-1426193
-1104613
-755207
-423778
-3088
640113
1215795
1698285
2039579
2265818
2360180
2220525
1669467
1161438
664387
65564
-385558
-744935
-1032920
-1163849
-1308034
-1334445
-964620
-694708
-359369
87384
680407
1258855
1732958
2038645
2252013
2329073
2110835
1641611
1161929
649983
151341
-354859
-704067
-904137
-1111558
-1182886
-1205800
-780517
-712944
-263373
224548
678622
1296757
1688113
1985076
2235239
2285056
2105797
1593225
1146955
626735
149082
-287310
-676883
-868865
-1008042
-1029049
-1072565
-815980
-472705
-146527
342189
791921
1277662
1712781
2009778
2197015
2255764
1998660
1592337
1154262
710353
215322
-241514
-482598
-717326
-951743
-980224
-926223
-621965
-373674
-13758
378851
848174
1329877
1665570
1961022
2179623
2208074
2001324
1544412
1199836
787021
316375
-53998
-406026
-644570
-798584
-880875
-864482
-519377
-237999
64579
457009
906725
1321215
1633467
1937411
2107470
2185764
1882495
1553102
1183447
780297
406885
-64384
-284222
-541430
-712436
-801337
-766945
-438060
-188427
221859
512622
935359
1327185
1672640
1900104
2093265
2122602
1876894
1496921
1200990
808164
376799
25542
-247694
-470939
-618211
-666978
-654419
-311174
-62784
293475
623898
1045940
1376741
1618697
1925060
2030138
2084035
1780343
1538581
1164761
851592
453324
128615
-130229
-363329
-523025
-591368
-530311
-237131
12212
370001
671937
1061184
1416987
1663222
1828846
2025903
2048540
1730266
1509474
1245159
917281
540298
133539
-85037
-301352
-440156
-491162
-427049
-130146
118157
472340
814570
1104851
1456724
1647277
1832972
1981861
2022767
1686162
1457043
1282463
987099
604874
253217
-12873
-242267
-344189
-402554
-349389
-12360
264225
537411
874996
1222198
1468959
1735076
1852123
1942952
1950015
1663930
1555283
1246948
1092770
697402
314580
111020
-112850
-299525
-327550
-194024
79627
303884
662854
1002159
1243578
1465658
1682345
1868764
1935137
1974976
1715898
1521182
1284114
1087798
711684
413173
179977
-71241
-201342
-265795
-185988
97392
426597
724097
1081512
1382843
1705506
1793685
1840480
1883140
1918942
1774744
1635704
1410783
1159380
793017
425412
211523
9741
-167036
-218084
-167546
192834
474240
744887
1180026
1454941
1699905
1735942
1870243
1905347
1897191
1693562
1618286
1537534
1247969
837626
521915
225009
48231
-90712
-173530
-57992
253325
563274
857067
1205353
1565609
1621137
1746975
1827634
1876219
1916486
1707162
1643215
1536842
1271681
909997
553798
316263
96311
-25535
-94266
-11869
341458
604418
896265
1317045
1565565
1719017
1821918
1856657
1899559
1914937
1789436
1685048
1539019
1339000
967535
591258
391474
146484
18642
-20954
103874
402507
634381
1008193
1349943
1630973
1783982
1797863
1876169
1905005
1892758
1835468
1753630
1599646
1340698
1010253
648392
423397
203649
71671
17236
132217
430167
727251
1038291
1414272
1684005
1842297
1893745
1945354
1914944
1901457
1902358
1832681
1645818
1386134
1040957
677517
419017
260357
132720
72934
206152
473560
763731
1098241
1449166
1684373
1880448
1970109
1947665
1976485
1964542
1938785
1868617
1668670
1386879
1023477
745828
434738
238675
143075
118145
181593
487693
830775
1078092
1518652
1755731
1899773
2029964
2078223
1997448
2112150
2015470
1893425
1681448
1420266
1034623
705552
498496
283492
133354
100601
306093
570887
849391
1197667
1498710
1796248
1963266
2086075
2135053
2125841
2156884
2051756
1925026
1662874
1405958
1065087
689563
461118
312248
156579
143133
372246
618089
871280
1247833
1595274
1884414
1993456
2142462
2189069
2204602
2195361
2060334
1940575
1739049
1410817
1103893
696716
476201
384364
189316
197917
422998
615471
959172
1224302
1613640
1907889
2047510
2148843
2229201
2247062
2215776
2078303
1971497
1748701
1443326
1085646
761611
520274
302993
251017
259555
462452
701554
922600
1305648
1654028
1896492
2095387
2215896
2263494
2280794
2288707
2146949
1979187
1775669
1414198
1084946
720224
500143
345209
188172
195181
457273
707150
993162
1287686
1688509
1918024
2093215
2180950
2260911
2297757
2243412
2159532
1959395
1754911
1449582
1090813
743889
488490
357116
346521
264614
499527
675463
1033520
1338171
1702917
2008276
2131342
2256050
2315255
2326726
2316327
2124787
1970932
1760356
1407270
1071335
736228
489933
367673
263549
277391
479221
730623
1021790
1317754
1707939
1951004
2167558
2245422
2302671
2334487
2302060
2150827
1935081
1747016
1450043
1034297
733106
537460
345291
261242
242848
522793
727028
1033391
1361923
1700168
1995435
2136650
2239093
2324023
2317360
2296698
2160238
1985575
1732030
1406148
1099597
765508
521383
360386
308396
267475
569644
801044
1074743
1460690
1775747
2026261
2191217
2241622
2312292
2368086
2325135
2151341
1985488
1707580
1398036
1100033
771416
556366
342918
272615
280413
610629
852533
1113242
1522313
1826419
2062611
2181131
2297737
2344423
2331654
2303138
2122764
1953061
1727774
1390362
1028266
804963
545883
402438
331248
315718
658385
876415
1204613
1499348
1801064
2098178
2215204
2326373
2360637
2380110
2314536
2172344
2013457
1747380
1393738
1074821
752443
575415
380882
317509
352619
652987
892657
1186047
1547540
1845515
2062068
2256059
2313447
2368628
2394323
2320764
2186525
2004786
1749403
1426422
1056076
803882
556927
398671
338308
387184
674967
882935
1207276
1532910
1827119
2118331
2208091
2334479
2379798
2384306
2271224
2139475
1958253
1764081
1417251
1099722
810164
638309
435617
371155
417094
724821
935868
1208263
1612265
1888261
2108766
2272922
2311371
2409665
1226758
2392209
2148938
1991201
1762351
1365871
1086661
856454
624092
477978
412624
421143
745533
955350
1286734
1617474
1889746
2126798
-3044880
-1522465
-1565616
-1546646
-1539408
-1542241
1658202
1871944
1558563
1247071
956764
775977
627818
597545
615746
858585
1133093
1398665
1702567
2013015
-3076221
-1765469
-1600073
-1613962
-1600097
-1590580
-1581305
-960648
2071751
1717455
1341707
1121834
878129
734626
691925
718532
1010631
1286829
1554617
1865273
-2396374
-1761270
-1636810
-1638606
-1633675
-1623380
-1612406
-1602995
-1592068
3070970
1887423
1518878
1277426
1087835
950427
892704
1015111
1273434
1474577
1766176
2071176
-1642958
-1696527
-1649916
-526793
-6446795
-2378499
-2319330
-1920418
-1498892
-1537771
2569160
1729630
1499972
1354614
1212248
1190585
1261573
1509488
1744521
1984405
-1074140
-1719867
-1049061
-1496614
-1624588
-1569432
-1563274
-1559249
-1507200
-3877997
-1099624
-1607984
2328912
1725056
1610236
1459451
1406486
1433254
1731714
1958552
853310
-1843926
862080
-4106706
-1438479
-1569078
-1542979
-1525543
-1517994
-1507485
-1416981
-2854281
-1564303
3000228
1872478
1851386
1717539
1638438
1710071
1947212
2274104
-1148961
-1598300
-8388608
-1490200
-1479161
-1463081
-1477519
-1465044
-1455515
-1447110
-1437233
-3097132
-3070897
-1176397
3013653
2048357
1991510
1949912
2024781
2284151
-1474956
-1484903
-8388608
-453447
-1574400
-1423908
-1414451
-1406076
-1396493
-1388384
-1380260
-1370853
-1363237
3515906
-1497534
-1299509
3102439
2209964
2269306
2315866
-1719620
-1313208
-1361715
7196
-1486092
-1308209
-1316823
-1306063
-1297511
-1290068
-1281258
-1273766
-1266322
-1258920
-1264645
-977216
-1463634
-1180610
-1219799
-1206019
-1197696
-1190896
-1202997
-896517
-1370116
-1215431
-1135169
-1136193
-1131207
-1124337
-1116706
-1110183
-1103693
-1096171
-1089763
-1083394
-8217733
-1746889
-1124890
-1039317
-1045220
-1037302
-1029675
-8388608
248098
-904348
-1006169
-985961
-980104
-974362
-967723
-962071
-956447
-950857
-944376
-938856
-932457
-927006
-6362818
-476800
-989294
-879170
-888112
2405947
-1239065
-793609
-862888
-848262
-841160
-836582
-830838
-825977
-821150
-815553
-810786
-805260
-800553
-795874
-790449
-785829
-780020
-3714935
-2292427
-6961181
-1850708
-541195
-736764
-707438
-701067
-697289
-692496
-688449
-684425
-680425
-675787
-671837
-667258
-663358
-658836
-654985
-651157
-646719
-642939
-639181
-634824
-631113
-627424
-623148
-619506
-615283
-611687
-608111
-604557
-600436
-596927
-592858
-589393
-585948
-581954
-578552
-575171
-571250
-567911
-564592
-560744
-557466
-554208
-550430
-547213
-543483
-540306
-537148
-533487
-530369
-527269
-523675
-520614
-517571
-514043
-511039
-507555
-504589
-501639
-498707
-495308
-492413
-489057
-486198
-483356
-480062
-477256
-474466
-471232
-468478
-465739
-462565
-459861
-456727
-454057
-450962
-448327
-445706
-442668
-440081
-437508
-434526
-431987
-429042
-426534
-424041
-421151
-418689
-416242
-413405
-410989
-408187
-405801
-403430
-400680
-398338
-396009
-393310
-391011
-388726
-386076
-383820
-381576
-378975
-376760
-374192
-372005
-369831
-367669
-365163
-363029
-360554
-358447
-356352
-353923
-351854
-349797
-347413
-345383
-343364
-341023
-339030
-337048
-334751
-332795
-330526
-328594
-326674
-324447
-322551
-320665
-318480
-316618
-314767
-312622
-310795
-308978
-306872
-305078
-303295
-301228
-299467
-297426
-295688
-293959
-291956
-290249
-288553
-286586
-284911
-283245
-281315
-279671
-277764
-276141
-274527
-272656
-271062
-269478
-267902
-266076
-264521
-262718
-261183
-259656
-257886
-256379
-254880
-253143
-251663
-250192
-248487
-247035
-245591
-243917
-242491
-240838
-239431
-238031
-236409
-235027
-233653
-232061
-230704
-229356
-227792
-226461
-225137
-223603
-222296
-220996
-219490
-218207
-216720
-215453
-214194
-212734
-211490
-210254
-208821
-207601
-206387
-204980
-203782
-202393
-201210
-200034
-198671
-197510
-196355
-195017
-193877
-192744
-191430
-190311
-189199
-187909
-186811
-185719
-184453
-183375
-182303
-181060
-180002
-178775
-177730
-176691
-175487
-174461
-173442
-172259
-171253
-170252
-169091
-168103
-166957
-165981
-165011
-163886
-162928
-161976
-160872
-159932
-158842
-157913
-156990
-155920
-155009
-154103
-153052
-152158
-151121
-150237
-149213
-148341
-147474
-146469
-145613
-144762
-143775
-142935
-142099
-141131
-140306
-139349
-138535
-137725
-136786
-135987
-135192
-134271
-133486
-132706
-131801
-131031
-130138
-129377
-128621
-127744
-126997
-126255
-125395
-124662
-123933
-123088
-122369
-121535
-120824
-120118
-119416
-118602
-117909
-117105
-116421
-115740
-114951
-114279
-113611
-112837
-112178
-111522
-110762
-110114
-109471
-108725
-108089
-107352
-106725
-106101
-105481
-104762
-104150
-103440
-102835
-102234
-101537
-100944
-100354
-99670
-99087
-98508
-97837
-97265
-96602
-96037
-95476
-94825
-94271
-93720
-93081
-92537
-91996
-91369
-90835
-90304
-89688
-89164
-88556
-88039
-87524
-87013
-86420
-85914
-85329
-84830
-84334
-83760
-83270
-82783
-82219
-81738
-81261
-80707
-80235
-79688
-79222
-78759
-78299
-77765
-77311
-76784
-76335
-75889
-75372
-74931
-74493
-73985
-73553
-73123
-72625
-72200
-71778
-71289
-70872
-70389
-69978
-69569
-69162
-68691
-68289
-67824
-67427
-67033
-66576
-66187
-65736
-65352
-64970
-64590
-64150
-63775
-63340
-62970
-62602
-62175
-61812
-61450
-61032
-60675
-60320
-59909
-59559
-59211
-58807
-58463
-58065
-57726
-57388
-57053
-56664
-56333
-55949
-55622
-55297
-54920
-54599
-54280
-53910
-53594
-53281
-52918
-52609
-52301
-51945
-51641
-51289
-50989
-50691
-50346
-50052
-49759
-49420
-49131
-48844
-48511
-48227
-47899
-47619
-47340
-47064
-46743
-46470
-46153
-45883
-45615
-45304
-45039
-44776
-44471
-44211
-43952
-43653
-43398
-43102
-42850
-42600
-42309
-42062
-41816
-41531
-41288
-41047
-40767
-40529
-40292
-40017
-39783
-39512
-39281
-39052
-38786
-38559
-38334
-38072
-37850
-37592
-37372
-37154
-36900
-36685
-36435
-36222
-36010
-35765
-35555
-35313
-35107
-34902
-34698
-34461
-34260
-34026
-33827
-33629
-33400
-33205
-33011
-32786
-32594
-32404
-32183
-31995
-31777
-31591
-31406
-31192
-31010
-30829
-30619
-30440
-30232
-30056
-29880
-29676
-29503
-29330
-29130
-28960
-28791
-28623
-28427
-28261
-28069
-27905
-27742
-27552
-27391
-27231
-27046
-26888
-26704
-26548
-26393
-26213
-26060
-25908
-25731
-25581
-25431
-25258
-25110
-24963
-24793
-24648
-24480
-24337
-24195
-24030
-23890
-23750
-23588
-23450
-23313
-23154
-23019
-22884
-22728
-22596
-22464
-22310
-22180
-22050
-21900
-21772
-21645
-21497
-21372
-21226
-21102
-20979
-20836
-20714
-20593
-20452
-20333
-20214
-20076
-19959
-19842
-19707
-19592
-19477
-19345
-19231
-19100
-18989
-18878
-18749
-18640
-18531
-18404
-18297
-18190
-18066
-17960
-17855
-17734
-17630
-17527
-17407
-17306
-17188
-17087
-16987
-16872
-16773
-16675
-16561
-16464
-16368
-16257
-16162
-16067
-15958
-15864
-15756
-15664
-15573
-15482
-15376
-15286
-15182
-15093
-15005
-14903
-14816
-14729
-14629
-14543
-14458
-14360
-14276
-14178
-14096
-14013
-13918
-13836
-13755
-13662
-13582
-13489
-13410
-13332
-13241
-13164
-13087
-12998
-12922
-12846
-12759
-12684
-12610
-12524
-12451
-12366
-12294
-12222
-12138
-12067
-11997
-11915
-11846
-11776
-11696
-11628
-11548
-11481
-11414
-11336
-11270
-11204
-11128
-11063
-10987
-10923
-10859
-10785
-10722
-10659
-10587
-10525
-10453
-10392
-10331
-10261
-10201
-10131
-10072
-10013
-9955
-9887
-9829
-9762
-9705
-9648
-9583
-9527
-9471
-9406
-9351
-9297
-9233
-9179
-9117
-9064
-9011
-8949
-8897
-8845
-8785
-8733
-8682
-8623
-8573
-8522
-8464
-8415
-8358
-8309
-8260
-8212
-8156
-8108
-8053
-8006
-7959
-7905
-7859
-7813
-7759
-7714
-7669
-7617
-7572
-7521
-7477
-7433
-7382
-7339
-7296
-7247
-7204
-7162
-7113
-7072
-7030
-6982
-6942
-6901
-6854
-6814
-6768
-6728
-6689
-6643
-6604
-6566
-6521
-6483
-6445
-6401
-6364
-6320
-6283
-6247
-6204
-6168
-6132
-6090
-6054
-6019
-5978
-5943
-5902
-5868
-5834
-5794
-5760
-5726
-5687
-5654
-5621
-5583
-5550
-5512
-5480
-5448
-5411
-5379
-5348
-5311
-5280
-5249
-5214
-5183
-5153
-5118
-5088
-5053
-5024
-4994
-4960
-4931
-4898
-4869
-4841
-4808
-4780
-4752
-4719
-4692
-4660
-4632
-4605
-4574
-4547
-4516
-4490
-4464
-4438
-4407
-4382
-4352
-4326
-4301
-4272
-4247
-4222
-4193
-4169
-4144
-4116
-4092
-4068
-4040
-4017
-3989
-3966
-3943
-3920
-3893
-3870
-3844
-3821
-3799
-3773
-3751
-3726
-3704
-3682
-3657
-3636
-3614
-3590
-3569
-3548
-3524
-3503
-3483
-3459
-3439
-3419
-3395
-3376
-3353
-3333
-3313
-3291
-3272
-3253
-3230
-3212
-3193
-3171
-3152
-3131
-3113
-3094
-3073
-3055
-3038
-3017
-2999
-2982
-2961
-2944
-2927
-2907
-2890
-2873
-2853
-2837
-2817
-2801
-2785
-2766
-2749
-2733
-2715
-2699
-2683
-2665
-2649
-2631
-2616
-2601
-2585
-2568
-2553
-2538
-2521
-2506
-2489
-2474
-2460
-2443
-2429
-2415
-2398
-2384
-2370
-2354
-2340
-2327
-2311
-2297
-2284
-2268
-2255
-2242
-2226
-2213
-2201
-2186
-2173
-2158
-2145
-2133
-2118
-2106
-2094
-2079
-2067
-2055
-2041
-2029
-2015
-2004
-1992
-1980
-1967
-1955
-1942
-1931
-1919
-1906
-1895
-1884
-1871
-1860
-1849
-1837
-1826
-1814
-1803
-1791
-1780
-1770
-1759
-1747
-1737
-1725
-1715
-1705
-1694
-1684
-1674
-1663
-1653
-1642
-1632
-1622
-1611
-1602
-1591
-1582
-1573
-1562
-1553
-1544
-1533
-1524
-1515
-1505
-1496
-1487
-1477
-1469
-1460
-1450
-1442
-1432
-1423
-1415
-1405
-1397
-1389
-1380
-1372
-1364
-1354
-1346
-1338
-1329
-1322
-1313
-1305
-1297
-1290
-1281
-1273
-1265
-1257
-1250
-1242
-1234
-1227
-1219
-1212
-1204
-1196
-1189
-1182
-1174
-1167
-1159
-1153
-1146
-1139
-1132
-1125
-1117
-1111
-1104
-1097
-1090
-1084
-1077
-1070
-1064
-1057
-1051
-1043
-1037
-1031
-1024
-1018
-1012
-1005
-1000
-994
-987
-981
-975
-969
-963
-957
-951
-945
-940
-933
-928
-922
-916
-911
-905
-899
-894
-888
-883
-878
-872
-867
-862
-856
-851
-845
-840
-835
-830
-825
-820
-815
-809
-805
-799
-795
-790
-785
-780
-775
-770
-766
-761
-756
-752
-747
-742
-738
-733
-728
-724
-719
-715
-711
-706
-702
-698
-693
-689
-685
-680
-676
-672
-668
-664
-660
-656
-652
-648
-643
-640
-635
-632
-628
-624
-620
-616
-612
-609
-605
-601
-597
-593
-590
-586
-583
-579
-576
-572
-568
-565
-561
-558
-554
-551
-547
-544
-541
-537
-534
-530
-527
-524
-521
-518
-515
-511
-508
-505
-502
-499
-496
-492
-490
-486
-483
-481
-477
-475
-472
-469
-466
-463
-460
-457
-455
-452
-449
-446
-443
-441
-438
-435
-433
-430
-427
-425
-422
-419
-417
-414
-412
-409
-406
-404
-402
-399
-397
-394
-392
-389
-387
-384
-382
-380
-377
-375
-373
-370
-368
-366
-364
-361
-359
-357
-355
-352
-350
-348
-346
-344
-342
-340
-338
-335
-333
-331
-329
-327
-325
-323
-321
-319
-317
-315
-313
-311
-310
-308
-306
-304
-302
-300
-298
-296
-294
-293
-291
-289
-287
-285
-284
-282
-280
-279
-277
-275
-273
-272
-270
-268
-267
-265
-263
-262
-260
-259
-257
-255
-254
-252
-251
-249
-248
-246
-245
-243
-242
-240
-239
-237
-236
-234
-233
-231
-230
-229
-227
-226
-224
-223
-222
-220
-219
-217
-216
-215
-213
-212
-211
-210
-208
-207
-206
-204
-203
-202
-201
-199
-198
-197
-196
-195
-193
-192
-191
-190
-189
-188
-186
-185
-184
-183
-182
-181
-179
-178
-177
-176
-175
-174
-173
-172
-171
-170
-169
-168
-167
-166
-165
-164
-162
-162
-161
-160
-159
-158
-157
-156
-155
-154
-153
-152
-151
-150
-149
-148
-147
-146
-145
-145
-144
-143
-142
-141
-140
-139
-138
-138
-137
-136
-135
-134
-133
-132
-132
-131
-130
-129
-128
-128
-127
-126
-125
-124
-124
-123
-122
-121
-121
-120
-119
-119
-118
-117
-116
-116
-115
-114
-113
-113
-112
-111
-111
-110
-109
-109
-108
-107
-107
-106
-105
-105
-104
-103
-103
-102
-102
-101
-100
-100
-99
-98
-98
-97
-97
-96
-96
-95
-94
-94
-93
-93
-92
-91
-91
-90
-90
-89
-89
-88
-88
-87
-87
-86
-85
-85
-84
-84
-83
-83
-82
-82
-81
-81
-80
-80
-79
-79
-78
-78
-77
-77
-76
-76
-76
-75
-75
-74
-74
-73
-73
-72
-72
-71
-71
-71
-70
-70
-69
-69
-68
-68
-68
-67
-67
-66
-66
-66
-65
-65
-64
-64
-64
-63
-63
-62
-62
-62
-61
-61
-61
-60
-60
-59
-59
-59
-58
-58
-58
-57
-57
-57
-56
-56
-56
-55
-55
-55
-54
-54
-54
-53
-53
-52
-52
-52
-52
-51
-51
-51
-50
-50
-50
-49
-49
-49
-48
-48
-48
-48
-47
-47
-47
-46
-46
-46
-46
-45
-45
-45
-44
-44
-44
-44
-43
-43
-43
-43
-42
-42
-42
-42
-41
-41
-41
-41
-40
-40
-40
-40
-39
-39
-39
-39
-38
-38
-38
-38
-37
-37
-37
-37
-37
-36
-36
-36
-36
-35
-35
-35
-35
-35
-34
-34
-34
-34
-34
-33
-33
-33
-33
-33
-32
-32
-32
-32
-32
-31
-31
-31
-31
-31
-30
-30
-30
-30
-30
-30
-29
-29
-29
-29
-29
-28
-28
-28
-28
-28
-28
-27
-27
-27
-27
-27
-27
-26
-26
-26
-26
-26
-26
-25
-25
-25
-25
-25
-25
-25
-24
-24
-24
-24
-24
-24
-24
-23
-23
-23
-23
-23
-23
-23
-22
-22
-22
-22
-22
-22
-22
-22
-21
-21
-21
-21
-21
-21
-21
-20
-20
-20
-20
-20
-20
-20
-20
-20
-19
-19
-19
-19
-19
-19
-19
-19
-18
-18
-18
-18
-18
-18
-18
-18
-18
-18
-17
-17
-17
-17
-17
-17
-17
-17
-17
-16
-16
-16
-16
-16
-16
-16
-16
-16
-16
-16
-15
-15
-15
-15
-15
-15
-15
-15
-15
-15
-15
-14
-14
-14
-14
-14
-14
-14
-14
-14
-14
-14
-14
-13
-13
-13
-13
-13
-13
-13
-13
-13
-13
-13
-13
-13
-12
-12
-12
-12
-12
-12
-12
-12
-12
-12
-12
-12
-12
-12
-11
-11
-11
-11
-11
-11
-11
-11
-11
-11
-11
-11
-11
-11
-11
-10
-10
-10
-10
-10
-10
-10
-10
-10
-10
-10
-10
-10
-10
-10
-10
-10
-9
-9
-9
-9
-9
-9
-9
-9
-9
-9
-9
-9
-9
-9
-9
-9
-9
-9
-9
-8
-8
-8
-8
-8
-8
-8
-8
-8
-8
-8
-8
-8
-8
-8
-8
-8
-8
-8
-8
-8
-8
-7
-7
-7
-7
-7
-7
-7
-7
-7
-7
-7
-7
-7
-7
-7
-7
-7
-7
-7
-7
-7
-7
-7
-7
-6
-6
-6
-6
-6
-6
-6
-6
-6
-6
-6
-6
-6
-6
-6
-6
-6
-6
-6
-6
-6
-6
-6
-6
-6
-6
-6
-6
-6
-6
-5
-5
-5
-5
-5
-5
-5
-5
-5
-5
-5
-5
-5
-5
-5
-5
-5
-5
-5
-5
-5
-5
-5
-5
-5
-5
-5
-5
-5
-5
-5
-5
-5
-5
-5
-5
-4
-4
-4
-4
-4
-4
-4
-4
-4
-4
-4
-4
-4
-4
-4
-4
-4
-4
-4
-4
-4
-4
-4
-4
-4
-4
-4
-4
-4
-4
-4
-4
-4
-4
-4
-4
-4
-4
-4
-4
-4
-4
-4
-4
-4
-4
-3
-3
-3
-3
-3
-3
-3
-3
-3
-3
-3
-3
-3
-3
-3
-3
-3
-3
-3
-3
-3
-3
-3
-3
-3
-3
-3
-3
-3
-3
-3
-3
-3
-3
-3
-3
-3
-3
-3
-3
-3
-3
-3
-3
-3
-3
-3
-3
-3
-3
-3
-3
-3
-3
-3
-3
-3
-3
-3
-3
-3
-3
-3
-3
-3
-2
-2
-2
-2
-2
-2
-2
-2
-2
-2
-2
-2
-2
-2
-2
-2
-2
-2
-2
-2
-2
-2
-2
-2
-2
-2
-2
-2
-2
-2
-2
-2
-2
-2
-2
-2
-2
-2
-2
-2
-2
-2
-2
-2
-2
-2
-2
-2
-2
-2
-2
-2
-2
-2
-2
-2
-2
-2
-2
-2
-2
-2
-2
-2
-2
-2
-2
-2
-2
-2
-2
-2
-2
-2
-2
-2
-2
-2
-2
-2
-2
-2
-2
-2
-2
-2
-2
-2
-2
-2
-2
-2
-2
-2
-2
-2
-2
-2
-2
-2
-2
-2
-2
-2
-2
-2
-2
-2
-2
-2
-2
-2
-1
-1
-1
-1
-1
-1
-1
-1
-1
-1
-1
-1
-1
-1
-1
-1
-1
-1
-1
-1
-1
-1
-1
-1
-1
-1
-1
-1
-1
-1
-1
-1
-1
-1
-1
-1
-1
-1
-1
-1
-1
-1
-1
-1
-1
-1
-1
-1
-1
-1
-1
-1
-1
-1
-1
-1
-1
-1
-1
-1
-1
-1
-1
-1
-1
-1
-1
-1
-1
-1
-1
-1
-1
-1
-1
-1
-1
-1
-1
-1
-1
-1
-1
-1
-1
-1
-1
-1
-1
-1
-1
-1
-1
-1
-1
-1
-1
-1
-1
-1
-1
-1
-1
-1
-1
-1
-1
-1
-1
-1
-1
-1
-1
-1
-1
-1
-1
-1
-1
-1
-1
-1
-1
-1
-1
-1
-1
-1
-1
-1
-1
-1
-1
-1
-1
-1
-1
-1
-1
-1
-1
-1
-1
-1
-1
-1
-1
-1
-1
-1
-1
-1
-1
-1
-1
-1
-1
-1
-1
-1
-1
-1
-1
-1
-1
-1
-1
-1
-1
-1
-1
-1
-1
-1
-1
-1
-1
-1
-1
-1
-1
-1
-1
-1
-1
-1
-1
-1
-1
-1
-1
-1
-1
-1
-1
-1
-1
-1
-1
-1
-1
-1
-1
-1
-1
-1
-1
-1
-1
-1
-1
-1
-1
-1
-1
-1
-1
-1
-1
-1
-1
-1
-1
-1
-1
-1
-1
-1
-1
-1
-1
-1
-1
-1
-1
-1
-1
-1
-1
-1
-1
-1
-1
-1
-1
-1
-1
-1
-1
-1
-1
-1
-1
-1
-1
-1
-1
-1
-1
-1
-1
-1
-1
-1
-1
-1
-1
-1
-1
-1
-1
-1
-1
-1
-1
-1
-1
-1
-1
-1
-1
-1
-1
-1
-1
-1
-1
-1
-1
-1
-1
-1
-1
-1
-1
-1
-1
-1
-1
-1
-1
-1
-1
-1
-1
-1
-1
-1
-1
-1
-1
-1
-1
-1
-1
-1
-1
-1
-1
-1
-1
-1
-1
-1
-1
-1
-1
-1
-1
-1
-1
-1
-1
-1
-1
-1
-1
-1
-1
-1
-1
-1
-1
-1
-1
-1
-1
-1
-1
-1
-1
-1
-1
-1
-1
-1
-1
-1
-1
-1
-1
-1
-1
-1
-1
-1
-1
-1
-1
-1
-1
-1
-1
-1
-1
-1
-1
-1
-1
-1
-1
-1
-1
-1
-1
-1
-1
-1
-1
-1
-1
-1
-1
-1
-1
-1
-1
-1
-1
-1
-1
-1
-1
-1
-1
-1
-1
-1
-1
-1
-1
-1
-1
-1
-1
-1
-1
-1
-1
-1
-1
-1
-1
-1
-1
-1
-1
-1
-1
-1
-1
-1
-1
-1
-1
-1
-1
-1
-1
-1
-1
-1
-1
-1
-1
-1
-1
-1
-1
-1
-1
-1
-1
-1
-1
-1
-1
-1
-1
-1
-1
-1
-1
-1
-1
-1
-1
-1
-1
-1
-1
-1
-1
-1
-1
-1
-1
-1
-1
-1
-1
-1
-1
-1
-1
-1
-1
-1
-1
-1
-1
-1
-1
-1
-1
-1
-1
-1
-1
-1
-1
-1
-1
-1
-1
-1
-1
-1
-1
-1
-1
-1
-1
-1
-1
-1
-1
-1
-1
-1
-1
-1
-1
-1
-1
-1
-1
-1
-1
-1
-1
-1
-1
-1
-1
-1
-1
-1
-1
-1
-1
-1
-1
-1
-1
-1
-1
-1
-1
-1
-1
-1
-1
-1
-1
-1
-1
-1
-1
-1
-1
-1
-1
-1
-1
-1
-1
-1
-1
-1
-1
-1
-1
-1
-1
-1
-1
-1
-1
-1
-1
-1
-1
-1
-1
-1
-1
-1
-1
-1
-1
-1
-1
-1
-1
-1
-1
-1
-1
-1
-1
-1
-1
-1
-1
-1
-1
-1
-1
-1
-1
-1
-1
-1
-1
-1
-1
-1
-1
-1
-1
-1
-1
-1
-1
-1
-1
-1
-1
-1
-1
-1
-1
-1
-1
-1
-1
-1
-1
-1
-1
-1
-1
-1
-1
-1
-1
-1
-1
-1
-1
-1
-1
-1
-1
-1
-1
-1
-1
-1
-1
-1
-1
-1
-1
-1
-1
-1
-1
-1
-1
-1
-1
-1
-1
-1
-1
-1
-1
-1
-1
-1
-1
-1
-1
-1
-1
-1
-1
-1
-1
-1
-1
-1
-1
-1
-1
-1
-1
-1
-1
-1
-1
-1
-1
-1
-1
-1
-1
-1
-1
-1
-1
-1
-1
-1
-1
-1
-1
-1
-1
-1
-1
-1
-1
-1
-1
-1
-1
-1
-1
-1
-1
-1
-1
-1
-1
-1
-1
-1
-1
-1
-1
-1
-1
-1
-1
-1
-1
-1
-1
-1
-1
-1
-1
-1
-1
-1
-1
-1
-1
-1
-1
-1
-1
-1
-1
-1
-1
-1
-1
-1
-1
-1
-1
-1
-1
-1
-1
-1
-1
-1
-1
-1
-1
-1
-1
-1
-1
-1
-1
-1
-1
-1
-1
-1
-1
-1
-1
-1
-1
-1
-1
-1
-1
-1
-1
-1
-1
-1
-1
-1
-1
-1
-1
-1
-1
-1
-1
-1
-1
-1
-1
-1
-1
-1
-1
-1
-1
-1
-1
-1
-1
-1
-1
-1
-1
-1
-1
-1
-1
-1
-1
-1
-1
-1
-1
-1
-1
-1
-1
-1
-1
-1
-1
-1
-1
-1
-1
-1
-1
-1
-1
-1
-1
-1
-1
-1
-1
-1
-1
-1
-1
-1
-1
-1
-1
-1
-1
-1
-1
-1
-1
-1
-1
-1
-1
-1
-1
-1
-1
-1
-1
-1
-1
-1
-1
-1
-1
-1
-1
-1
-1
-1
-1
-1
-1
-1
-1
-1
-1
-1
-1
-1
-1
-1
-1
-1
-1
-1
-1
-1
-1
-1
-1
-1
-1
-1
-1
-1
-1
-1
-1
-1
-1
-1
-1
-1
-1
-1
-1
-1
-1
-1
-1
-1
-1
-1
-1
-1
-1
-1
-1
-1
-1
-1
-1
-1
-1
-1
-1
-1
-1
-1
-1
-1
-1
-1
-1
-1
-1
-1
-1
-1
-1
-1
-1
-1
-1
-1
-1
-1
-1
-1
-1
-1
-1
-1
-1
-1
-1
-1
-1
-1
-1
-1
-1
-1
-1
-1
-1
-1
-1
-1
-1
-1
-1
-1
-1
-1
-1
-1
-1
-1
-1
-1
-1
-1
-1
-1
-1
-1
-1
-1
-1
-1
-1
-1
-1
-1
-1
-1
-1
-1
-1
-1
-1
-1
-1
-1
-1
-1
-1
-1
-1
-1
-1
-1
-1
-1
-1
-1
-1
-1
-1
-1
-1
-1
-1
-1
-1
-1
-1
-1
-1
-1
-1
-1
-1
-1
-1
-1
-1
-1
-1
-1
-1
-1
-1
-1
-1
-1
-1
-1
-1
-1
-1
-1
-1
-1
-1
-1
-1
-1
-1
-1
-1
-1
-1
-1
-1
-1
-1
-1
-1
-1
-1
-1
-1
-1
-1
-1
-1
-1
-1
-1
-1
-1
-1
-1
-1
-1
-1
-1
-1
-1
-1
-1
-1
-1
-1
-1
-1
-1
-1
-1
-1
-1
-1
-1
-1
-1
-1
-1
-1
-1
-1
-1
-1
-1
-1
-1
-1
-1
-1
-1
-1
-1
-1
-1
-1
-1
-1
-1
-1
-1
-1
-1
-1
-1
-1
-1
-1
-1
-1
-1
-1
-1
-1
-1
-1
-1
-1
-1
-1
-1
-1
-1
-1
-1
-1
-1
-1
-1
-1
-1
-1
-1
-1
-1
-1
-1
-1
-1
-1
-1
-1
-1
-1
-1
-1
-1
-1
-1
-1
-1
-1
-1
-1
-1
-1
-1
-1
-1
-1
-1
-1
-1
-1
-1
-1
-1
-1
-1
-1
-1
-1
-1
-1
-1
-1
-1
-1
-1
-1
-1
-1
-1
-1
-1
-1
-1
-1
-1
-1
-1
-1
-1
-1
-1
-1
-1
-1
-1
-1
-1
-1
-1
-1
-1
-1
-1
-1
-1
-1
-1
-1
-1
-1
-1
-1
-1
-1
-1
-1
-1
-1
-1
-1
-1
-1
-1
-1
-1
-1
-1
-1
-1
-1
-1
-1
-1
-1
-1
-1
-1
-1
-1
-1
-1
-1
-1
-1
-1
-1
-1
-1
-1
-1
-1
-1
-1
-1
-1
-1
-1
-1
-1
-1
-1
-1
-1
-1
-1
-1
-1
-1
-1
-1
-1
-1
-1
-1
-1
-1
-1
-1
-1
-1
-1
-1
-1
-1
-1
-1
-1
-1
-1
-1
-1
-1
-1
-1
-1
-1
-1
-1
-1
-1
-1
-1
-1
-1
-1
-1
-1
-1
-1
-1
-1
-1
-1
-1
-1
-1
-1
-1
-1
-1
-1
-1
-1
-1
-1
-1
-1
-1
-1
-1
-1
-1
-1
-1
-1
-1
-1
-1
-1
-1
-1
-1
-1
-1
-1
-1
-1
-1
-1
-1
-1
-1
-1
-1
-1
-1
-1
-1
-1
-1
-1
-1
-1
-1
-1
-1
-1
-1
-1
-1
-1
-1
-1
-1
-1
-1
-1
-1
-1
-1
-1
-1
-1
-1
-1
-1
-1
-1
-1
-1
-1
-1
-1
-1
-1
-1
-1
-1
-1
-1
-1
-1
-1
-1
-1
-1
-1
-1
-1
-1
-1
-1
-1
-1
-1
-1
-1
-1
-1
-1
-1
-1
-1
-1
-1
-1
-1
-1
-1
-1
-1
-1
-1
-1
-1
-1
-1
-1
-1
-1
-1
-1
-1
-1
-1
-1
-1
-1
-1
-1
-1
-1
-1
-1
-1
-1
-1
-1
-1
-1
-1
-1
-1
-1
-1
-1
-1
-1
-1
-1
-1
-1
-1
-1
-1
-1
-1
-1
-1
-1
-1
-1
-1
-1
-1
-1
-1
-1
-1
-1
-1
-1
-1
-1
-1
-1
-1
-1
-1
-1
-1
-1
-1
-1
-1
-1
-1
-1
-1
-1
-1
-1
-1
-1
-1
-1
-1
-1
-1
-1
-1
-1
-1
-1
-1
-1
-1
-1
-1
-1
-1
-1
-1
-1
-1
-1
-1
-1
-1
-1
-1
-1
-1
-1
-1
-1
-1
-1
-1
-1
-1
-1
-1
-1
-1
-1
-1
-1
-1
-1
-1
-1
-1
-1
-1
-1
-1
-1
-1
-1
-1
-1
-1
-1
-1
-1
-1
-1
-1
-1
-1
-1
-1
-1
-1
-1
-1
-1
-1
-1
-1
-1
-1
-1
-1
-1
-1
-1
-1
-1
-1
-1
-1
-1
-1
-1
-1
-1
-1
-1
-1
-1
-1
-1
-1
-1
-1
-1
-1
-1
-1
-1
-1
-1
-1
-1
-1
-1
-1
-1
-1
-1
-1
-1
-1
-1
-1
-1
-1
-1
-1
-1
-1
-1
-1
-1
-1
-1
-1
-1
-1
-1
-1
-1
-1
-1
-1
-1
-1
-1
-1
-1
-1
-1
-1
-1
-1
-1
-1
-1
-1
-1
-1
-1
-1
-1
-1
-1
-1
-1
-1
-1
-1
-1
-1
-1
-1
-1
-1
-1
-1
-1
-1
-1
-1
-1
-1
-1
-1
-1
-1
-1
-1
-1
-1
-1
-1
-1
-1
-1
-1
-1
-1
-1
-1
-1
-1
-1
-1
-1
-1
-1
-1
-1
-1
-1
-1
-1
-1
-1
-1
-1
-1
-1
-1
-1
-1
-1
-1
-1
-1
-1
-1
-1
-1
-1
-1
-1
-1
-1
-1
-1
-1
-1
-1
-1
-1
-1
-1
-1
-1
-1
-1
-1
-1
-1
-1
-1
-1
-1
-1
-1
-1
-1
-1
-1
-1
-1
-1
-1
-1
-1
-1
-1
-1
-1
-1
-1
-1
-1
-1
-1
-1
-1
-1
-1
-1
-1
-1
-1
-1
-1
-1
-1
-1
-1
-1
-1
-1
-1
-1
-1
-1
-1
-1
-1
-1
-1
-1
-1
-1
-1
-1
-1
-1
-1
-1
-1
-1
-1
-1
-1
-1
-1
-1
-1
-1
-1
-1
-1
-1
-1
-1
-1
-1
-1
-1
-1
-1
-1
-1
-1
-1
-1
-1
-1
-1
-1
-1
-1
-1
-1
-1
-1
-1
-1
-1
-1
-1
-1
-1
-1
-1
-1
-1
-1
-1
-1
-1
-1
-1
-1
-1
-1
-1
-1
-1
-1
-1
-1
-1
-1
-1
-1
-1
-1
-1
-1
-1
-1
-1
-1
-1
-1
-1
-1
-1
-1
-1
-1
-1
-1
-1
-1
-1
-1
-1
-1
-1
-1
-1
-1
-1
-1
-1
-1
-1
-1
-1
-1
-1
-1
-1
-1
-1
-1
-1
-1
-1
-1
-1
-1
-1
-1
-1
-1
-1
-1
-1
-1
-1
-1
-1
-1
-1
-1
-1
-1
-1
-1
-1
-1
-1
-1
-1
-1
-1
-1
-1
-1
-1
-1
-1
-1
-1
-1
-1
-1
-1
-1
-1
-1
-1
-1
-1
-1
-1
-1
-1
-1
-1
-1
-1
-1
-1
-1
-1
-1
-1
-1
-1
-1
-1
-1
-1
-1
-1
-1
-1
-1
-1
-1
-1
-1
-1
-1
-1
-1
-1
-1
-1
-1
-1
-1
-1
-1
-1
-1
-1
-1
-1
-1
-1
-1
-1
-1
-1
-1
-1
-1
-1
-1
-1
-1
-1
-1
-1
-1
-1
-1
-1
-1
-1
-1
-1
-1
-1
-1
-1
-1
-1
-1
-1
-1
-1
-1
-1
-1
-1
-1
-1
-1
-1
-1
-1
-1
-1
-1
-1
-1
-1
-1
-1
-1
-1
-1
-1
-1
-1
-1
-1
-1
-1
-1
-1
-1
-1
-1
-1
-1
-1
-1
-1
-1
-1
-1
-1
-1
-1
-1
-1
-1
-1
-1
-1
-1
-1
-1
-1
-1
-1
-1
-1
-1
-1
-1
-1
-1
-1
-1
-1
-1
-1
-1
-1
-1
-1
-1
-1
-1
-1
-1
-1
-1
-1
-1
-1
-1
-1
-1
-1
-1
-1
-1
-1
-1
-1
-1
-1
-1
-1
-1
-1
-1
-1
-1
-1
-1
-1
-1
-1
-1
-1
-1
-1
-1
-1
-1
-1
-1
-1
-1
-1
-1
-1
-1
-1
-1
-1
-1
-1
-1
-1
-1
-1
-1
-1
-1
-1
-1
-1
-1
-1
-1
-1
-1
-1
-1
-1
-1
-1
-1
-1
-1
-1
-1
-1
-1
-1
-1
-1
-1
-1
-1
-1
-1
-1
-1
-1
-1
-1
-1
-1
-1
-1
-1
-1
-1
-1
-1
-1
-1
-1
-1
-1
-1
-1
-1
-1
-1
-1
-1
-1
-1
-1
-1
-1
-1
-1
-1
-1
-1
-1
-1
-1
-1
-1
-1
-1
-1
-1
-1
-1
-1
-1
-1
-1
-1
-1
-1
-1
-1
-1
-1
-1
-1
-1
-1
-1
-1
-1
-1
-1
-1
-1
-1
-1
-1
-1
-1
-1
-1
-1
-1
-1
-1
-1
-1
-1
-1
-1
-1
-1
-1
-1
-1
-1
-1
-1
-1
-1
-1
-1
-1
-1
-1
-1
-1
-1
-1
-1
-1
-1
-1
-1
-1
-1
-1
-1
-1
-1
-1
-1
-1
-1
-1
-1
-1
-1
-1
-1
-1
-1
-1
-1
-1
-1
-1
-1
-1
-1
-1
-1
-1
-1
-1
-1
-1
-1
-1
-1
-1
-1
-1
-1
-1
-1
-1
-1
-1
-1
-1
-1
-1
-1
-1
-1
-1
-1
-1
-1
-1
-1
-1
-1
-1
-1
-1
-1
-1
-1
-1
-1
-1
-1
-1
-1
-1
-1
-1
-1
-1
-1
-1
-1
-1
-1
-1
-1
-1
-1
-1
-1
-1
-1
-1
-1
-1
-1
-1
-1
-1
-1
-1
-1
-1
-1
-1
-1
-1
-1
-1
-1
-1
-1
-1
-1
-1
-1
-1
-1
-1
-1
-1
-1
-1
-1
-1
-1
-1
-1
-1
-1
-1
-1
-1
-1
-1
-1
-1
-1
-1
-1
-1
-1
-1
-1
-1
-1
-1
-1
-1
-1
-1
-1
-1
-1
-1
-1
-1
-1
-1
-1
-1
-1
-1
-1
-1
-1
-1
-1
-1
-1
-1
-1
-1
-1
-1
-1
-1
-1
-1
-1
-1
-1
-1
-1
-1
-1
-1
-1
-1
-1
-1
-1
-1
-1
-1
-1
-1
-1
-1
-1
-1
-1
-1
-1
-1
-1
-1
-1
-1
-1
-1
-1
-1
-1
-1
-1
-1
-1
-1
-1
-1
-1
-1
-1
-1
-1
-1
-1
-1
-1
-1
-1
-1
-1
-1
-1
-1
-1
-1
-1
-1
-1
-1
-1
-1
-1
-1
-1
-1
-1
-1
-1
-1
-1
-1
-1
-1
-1
-1
-1
-1
-1
-1
-1
-1
-1
-1
-1
-1
-1
-1
-1
-1
-1
-1
-1
-1
-1
-1
-1
-1
-1
-1
-1
-1
-1
-1
-1
-1
-1
-1
-1
-1
-1
-1
-1
-1
-1
-1
-1
-1
-1
-1
-1
-1
-1
-1
-1
-1
-1
-1
-1
-1
-1
-1
-1
-1
-1
-1
-1
-1
-1
-1
-1
-1
-1
-1
-1
-1
-1
-1
-1
-1
-1
-1
-1
-1
-1
-1
-1
-1
-1
-1
-1
-1
-1
-1
-1
-1
-1
-1
-1
-1
-1
-1
-1
-1
-1
-1
-1
-1
-1
-1
-1
-1
-1
-1
-1
-1
-1
-1
-1
-1
-1
-1
-1
-1
-1
-1
-1
-1
-1
-1
-1
-1
-1
-1
-1
-1
-1
-1
-1
-1
-1
-1
-1
-1
-1
-1
-1
-1
-1
-1
-1
-1
-1
-1
-1
-1
-1
-1
-1
-1
-1
-1
-1
-1
-1
-1
-1
-1
-1
-1
-1
-1
-1
-1
-1
-1
-1
-1
-1
-1
-1
-1
-1
-1
-1
-1
-1
-1
-1
-1
-1
-1
-1
-1
-1
-1
-1
-1
-1
-1
-1
-1
-1
-1
-1
-1
-1
-1
-1
-1
-1
-1
-1
-1
-1
-1
-1
-1
-1
-1
-1
-1
-1
-1
-1
-1
-1
-1
-1
-1
-1
-1
-1
-1
-1
-1
-1
-1
-1
-1
-1
-1
-1
-1
-1
-1
-1
-1
-1
-1
-1
-1
-1
-1
-1
-1
-1
-1
-1
-1
-1
-1
-1
-1
-1
-1
-1
-1
-1
-1
-1
-1
-1
-1
-1
-1
-1
-1
-1
-1
-1
-1
-1
-1
-1
-1
-1
-1
-1
-1
-1
-1
-1
-1
-1
-1
-1
-1
-1
-1
-1
-1
-1
-1
-1
-1
-1
-1
-1
-1
-1
-1
-1
-1
-1
-1
-1
-1
-1
-1
-1
-1
-1
-1
-1
-1
-1
-1
-1
-1
-1
-1
-1
-1
-1
-1
-1
-1
-1
-1
-1
-1
-1
-1
-1
-1
-1
-1
-1
-1
-1
-1
-1
-1
-1
-1
-1
-1
-1
-1
-1
-1
-1
-1
-1
-1
-1
-1
-1
-1
-1
-1
-1
-1
-1
-1
-1
-1
-1
-1
-1
-1
-1
-1
-1
-1
-1
-1
-1
-1
-1
-1
-1
-1
-1
-1
-1
-1
-1
-1
-1
-1
-1
-1
-1
-1
-1
-1
-1
-1
-1
-1
-1
-1
-1
-1
-1
-1
-1
-1
-1
-1
-1
-1
-1
-1
-1
-1
-1
-1
-1
-1
-1
-1
-1
-1
-1
-1
-1
-1
-1
-1
-1
-1
-1
-1
-1
-1
-1
-1
-1
-1
-1
-1
-1
-1
-1
-1
-1
-1
-1
-1
-1
-1
-1
-1
-1
-1
-1
-1
-1
-1
-1
-1
-1
-1
-1
-1
-1
-1
-1
-1
-1
-1
-1
-1
-1
-1
-1
-1
-1
-1
-1
-1
-1
-1
-1
-1
-1
-1
-1
-1
-1
-1
-1
-1
-1
-1
-1
-1
-1
-1
-1
-1
-1
-1
-1
-1
-1
-1
-1
-1
-1
-1
-1
-1
-1
-1
-1
-1
-1
-1
-1
-1
-1
-1
-1
-1
-1
-1
-1
-1
-1
-1
-1
-1
-1
-1
-1
-1
-1
-1
-1
-1
-1
-1
-1
-1
-1
-1
-1
-1
-1
-1
-1
-1
-1
-1
-1
-1
-1
-1
-1
-1
-1
-1
-1
-1
-1
-1
-1
-1
-1
-1
-1
-1
-1
-1
-1
-1
-1
-1
-1
-1
-1
-1
-1
-1
-1
-1
-1
-1
-1
-1
-1
-1
-1
-1
-1
-1
-1
-1
-1
-1
-1
-1
