1739695
1649854
1705309
1516378
1301175
1036753
648690
212928
-136921
-464147
-683256
-847738
-905812
-895473
-593991
-376091
-89634
354259
747688
1078745
1362869
1529829
1633918
1661858
1488951
1229044
961019
616238
117661
-235569
-510316
-757320
-902447
-960042
-940669
-654262
-438040
-98079
293297
690310
1073511
1319961
1514264
1604996
1630142
1463972
1202147
930870
524134
85885
-269559
-584263
-801131
-950724
-1015808
-995928
-708106
-449980
-153189
232732
702271
1032550
1314658
1477146
1574879
1600760
1389855
1179730
860667
503743
58614
-353619
-620765
-842248
-1006646
-1063144
-1047591
-728776
-500986
-146317
260232
655877
1034840
1279266
1445645
1547425
1575558
1380528
1119317
839122
487505
-18996
-376810
-653514
-900379
-1046119
-1102649
-1090971
-776073
-547102
-194071
210329
679374
1000538
1247589
1445417
1535304
1556941
1311925
1108333
827965
406545
-41373
-400415
-717847
-933116
-1079557
-1143011
-1109642
-815171
-546531
-236995
165059
639334
971507
1260417
1423396
1517870
1537270
1307120
1096778
768311
397953
-53019
-470681
-740530
-962759
-1123810
-1176933
-1107657
-825848
-584666
-218496
208082
606500
988699
1238762
1401555
1509179
1525064
1306715
1050602
762210
326073
-122510
-484029
-759775
-1009591
-1151698
-1207216
-1152554
-859174
-576454
-255957
164685
638446
962572
1214266
1408771
1498010
1513047
1252202
1045433
701666
324573
-132337
-551680
-817481
-1029282
-1193140
-1238637
-1134692
-863728
-609156
-227364
216618
610310
985348
1232754
1394350
1493082
1503811
1209924
996560
700449
253281
-195319
-558244
-875440
-1077023
-1215893
-1267350
-1175228
-862792
-593525
-261841
266720
649916
966274
1246858
1409730
1492658
1492741
1211274
946023
645362
255717
-255890
-618470
-932388
-1122835
-1246582
-1289745
-1147395
-890183
-574232
-225477
235066
685510
990099
1263204
1419419
1487073
1479364
1175913
952482
591673
187134
-258892
-677479
-941112
-1137381
-1278792
-1312397
-1118461
-884116
-606640
-255557
284589
662622
1013895
1254680
1428906
1489448
1482697
1147044
907621
598215
113575
-320763
-681799
-998811
-1179422
-1306909
-1332428
-1151146
-911014
-579241
-213191
325973
705088
1003647
1267990
1422017
1488559
1461390
1149887
908316
542785
121433
-318007
-738135
-1004502
-1190788
-1325142
-1352427
-1120446
-897000
-607372
-170313
306208
686772
1028876
1263572
1420215
1491270
1470747
1154063
870842
551149
132597
-382100
-740527
-1053304
-1230300
-1342779
-1368936
-1151070
-919903
-577528
-194914
283729
727975
1018885
1256905
1433879
1493438
1474329
1128902
879899
558124
56374
-377833
-792602
-1057541
-1238856
-1367436
-1387325
-1182072
-903094
-600084
-220775
328801
713815
1006734
1277791
1431658
1493649
1453569
1135874
838144
507504
69285
-441828
-794401
-1065528
-1279378
-1381891
-1402990
-1147806
-924364
-624529
-171482
309490
751036
1040370
1274109
1432680
1500577
1465803
1115022
849487
517963
-7979
-435594
-796013
-1109231
-1287005
-1403580
-1416520
-1173946
-899721
-593194
-195204
353063
742156
1030371
1296077
1445838
1505553
1434705
1125268
811896
464410
8743
-498645
-842776
-1111330
-1322922
-1414787
-1432701
-1143444
-921993
-554517
-148262
338342
724745
1068256
1293084
1463909
1508037
1449388
1100979
823022
477654
-68894
-487148
-842514
-1154445
-1328247
-1425235
-1443280
-1169775
-893711
-577452
-166993
321911
771683
1059061
1317816
1463561
1513695
1408660
1109927
783913
424464
-56643
-483967
-889171
-1160377
-1365931
-1444920
-1457285
-1143207
-912252
-597688
-116674
366441
760747
1098594
1315320
1467094
1520963
1427721
1087501
797718
435244
-36649
-544366
-889973
-1195903
-1371130
-1453622
-1465110
-1162594
-934554
-555872
-137551
351513
804267
1087863
1346439
1482011
1527857
1377002
1099165
809864
380483
-114446
-604599
-933685
-1196813
-1400389
-1473738
-1478800
-1141775
-900295
-580721
-81711
398731
790905
1136493
1344066
1495062
1532320
1396777
1074457
774611
395950
-184044
-595780
-978002
-1233483
-1407896
-1491525
-1483973
-1159129
-870092
-535644
-14901
445515
838723
1177732
1374093
1509496
1538495
1350220
1085709
731892
339389
-246634
-651660
-1016723
-1261869
-1432948
-1500266
-1477262
-1140600
-840392
-492248
-38573
503225
884036
1170233
1404128
1515247
1546401
1300987
1060263
689955
278036
-232964
-707369
-1015341
-1266556
-1454380
-1518293
-1494702
-1124253
-857420
-512311
29204
485740
927300
1212255
1403506
1521821
1553515
1319555
1022995
705686
294761
-288158
-698137
-1016045
-1296327
-1465054
-1524436
-1478671
-1140758
-820938
-465899
9558
548408
920513
1206136
1433415
1535023
1559735
1275859
1042323
723112
236797
-281565
-690962
-1055091
-1301001
-1466356
-1541010
-1498570
-1124178
-839855
-484954
85628
533828
912655
1246904
1432489
1542617
1567368
1296602
1007526
675929
249816
-265564
-745238
-1053349
-1305469
-1492680
-1550753
-1465114
-1139497
-859065
-433710
61324
519903
957454
1243384
1432441
1558392
1575852
1319393
1022337
691184
268664
-321826
-739431
-1051688
-1334992
-1499205
-1563106
-1488226
-1154168
-823018
-453500
35127
580315
949563
1239821
1462729
1564677
1581776
1275667
1041596
708778
210244
-309483
-726201
-1095747
-1335925
-1522956
-1572223
-1511403
-1137350
-842064
-474481
114070
567308
942901
1275959
1466190
1568401
1589008
1293474
1001304
664542
227914
-296060
-779940
-1089260
-1372692
-1527826
-1581398
-1468367
-1149103
-859378
-419234
93495
550250
988915
1275521
1464178
1583639
1598293
1262126
1019899
683158
168004
-352349
-774649
-1138635
-1370217
-1532812
-1591224
-1495470
-1167679
-822808
-439095
166890
613238
983587
1311221
1497000
1586023
1601268
1279155
1035638
696819
185259
-339071
-821855
-1134745
-1407488
-1554357
-1604444
-1445083
-1145767
-839950
-383542
147404
599033
1027429
1311394
1498611
1605481
1612494
1295872
996756
648751
202652
-395010
-814829
-1130244
-1407521
-1558838
-1613773
-1472776
-1161671
-801314
-403986
123497
656438
1019028
1307800
1526940
1609376
1618189
1267459
1015921
602422
140518
-381416
-867386
-1178737
-1405486
-1576612
-1621479
-1500704
-1137393
-820998
-422149
199078
642523
1059640
1339760
1530319
1615084
1623956
1280834
976823
618661
158632
-437904
-859240
-1172189
-1444249
-1583667
-1631336
-1444952
-1154930
-838026
-363275
178129
702447
1059963
1339306
1553761
1630991
1633659
1257534
991378
638313
92553
-423823
-852396
-1220374
-1443208
-1588689
-1640103
-1473090
-1128175
-796639
-384136
247536
689502
1051943
1371858
1558004
1636470
1631296
1270731
951793
585978
111845
-484353
-902735
-1215549
-1476889
-1605846
-1647944
-1421538
-1145071
-755764
-321776
227292
745684
1095557
1371013
1580067
1651257
1613455
1251438
969255
535535
36588
-546646
-952293
-1261979
-1511367
-1629807
-1655672
-1375733
-1117337
-772593
-257744
293036
736635
1133985
1401635
1597953
1662452
1631087
1227706
930912
552537
-43156
-531560
-948421
-1309575
-1512441
-1644935
-1664382
-1399654
-1081714
-729416
-280195
351094
791709
1126373
1429738
1603110
1672567
1606328
1241803
946280
497121
-20276
-520075
-997006
-1306759
-1549720
-1655342
-1676285
-1355033
-1100785
-746320
-215201
336326
782380
1171881
1435238
1627983
1683581
1627635
1224429
910138
519951
-107416
-586913
-992765
-1349229
-1551824
-1670704
-1681317
-1375678
-1116797
-698665
-238564
390162
835806
1168150
1463798
1631789
1690465
1582920
1238326
927066
458480
-80623
-570419
-1040563
-1345580
-1581258
-1676973
-1689583
-1399611
-1079526
-717575
-171854
377779
826697
1214403
1466090
1635338
1701360
1601669
1248827
885317
477299
-60668
-640996
-1035404
-1344219
-1582425
-1680711
-1695588
-1359407
-1097317
-670375
-191833
364397
879896
1206393
1496973
1655654
1708126
1627362
1228238
900686
415140
-141367
-623916
-1082077
-1383060
-1584131
-1698674
-1705060
-1377070
-1055563
-687918
-214090
418819
870573
1258776
1499181
1661512
1717283
1575695
1242324
860136
436227
-121143
-687612
-1072563
-1381833
-1616311
-1702601
-1713167
-1338677
-1075814
-706046
-146400
408827
927338
1249578
1496315
1664905
1725050
1602835
1216002
876686
457767
-198417
-673799
-1071585
-1418113
-1614492
-1710586
-1715609
-1360437
-1033975
-653370
-166666
462089
913521
1245366
1533733
1685687
1734661
1547336
1231505
892055
394019
-181581
-659843
-1115014
-1415809
-1619877
-1724988
-1725840
-1379628
-1052838
-673277
-95329
452894
904432
1296495
1532224
1691618
1741276
1573995
1248650
849576
413997
-159776
-725229
-1112044
-1414721
-1644842
-1732960
-1723561
-1345892
-1072687
-623006
-117499
435847
960231
1290022
1531346
1707992
1752740
1599735
1218264
868296
347170
-234046
-712317
-1105742
-1450408
-1650987
-1746046
-1738410
-1364048
-1028266
-641322
-140873
498126
951674
1282388
1569041
1712537
1758752
1542129
1235793
824586
370400
-218057
-698523
-1148719
-1449929
-1669856
-1753285
-1750132
-1337002
-1047482
-656825
-61876
481507
940674
1334099
1566415
1732541
1767243
1567879
1204821
842328
391172
-285920
-761941
-1145581
-1480089
-1679833
-1758293
-1743244
-1350513
-1064137
-606577
-86594
468510
996158
1327572
1600019
1735934
1775049
1508611
1223166
858665
322065
-269326
-746418
-1185757
-1483095
-1697442
-1770380
-1757636
-1325798
-1022896
-624213
-2346
530026
985556
1378520
1603643
1744885
1783612
1531689
1241379
810706
342851
-335087
-812053
-1181436
-1509153
-1701731
-1780763
-1735421
-1343931
-1039054
-568275
-26840
604153
1041737
1370317
1634409
1761186
1789755
1477234
1203242
761295
275842
-319226
-868681
-1226633
-1543179
-1722570
-1792125
-1694660
-1319114
-996049
-506910
62732
585254
1093731
1420900
1670683
1776838
1802204
1500410
1160378
781973
211129
-380155
-861693
-1273525
-1541695
-1726992
-1802850
-1716694
-1334298
-952207
-526205
150153
656016
1086178
1459105
1671100
1782987
1805187
1453593
1120093
728575
232062
-442031
-916288
-1264663
-1579829
-1751143
-1810065
-1667550
-1309576
-970023
-464470
125561
725183
1138978
1454873
1670026
1798353
1812511
1417274
1139523
746711
160035
-423858
-904458
-1320477
-1576271
-1753680
-1820842
-1692992
-1322732
-925291
-486703
211673
708774
1129183
1494306
1702473
1807134
1814219
1434888
1158084
693671
182379
-408444
-964038
-1315094
-1577027
-1773102
-1829830
-1633059
-1298503
-945898
-414704
187940
695634
1177515
1493878
1704688
1820921
1825028
1405340
1111949
713166
106587
-469615
-951367
-1364100
-1612481
-1778685
-1838057
-1658482
-1268533
-899411
-439997
269134
765592
1172515
1526685
1732634
1824570
1821874
1420603
1132723
657339
130451
-455098
-1012451
-1356045
-1614758
-1796866
-1846709
-1600149
-1285835
-918618
-367155
246897
747919
1216675
1526468
1755281
1837496
1833701
1394442
1084855
677696
49626
-519721
-1002259
-1409959
-1650730
-1819539
-1854393
-1543467
-1251872
-866564
-297027
320945
814101
1259759
1558872
1760446
1851033
1819234
1371683
1037603
622365
72996
-594032
-1056957
-1460752
-1684165
-1822259
-1858015
-1565698
-1269349
-813814
-317937
380312
875392
1254322
1588433
1782061
1859157
1788464
1384795
1058075
557248
-19534
-571972
-1108572
-1452408
-1683274
-1844044
-1867740
-1513666
-1228058
-837320
-340076
370093
863997
1300515
1586541
1783179
1868062
1807627
1397482
1011953
578231
9014
-647356
-1106075
-1497077
-1720447
-1846268
-1869182
-1533421
-1246939
-781962
-272014
351789
926707
1292931
1587893
1806387
1873649
1826195
1374844
1029783
512394
-86158
-629079
-1156733
-1493066
-1718398
-1861574
-1879416
-1558290
-1204657
-801848
-291911
411616
912530
1344772
1617125
1809229
1881749
1780412
1385360
983807
533329
-61387
-703138
-1151913
-1486984
-1717806
-1869478
-1888767
-1511805
-1222749
-822406
-221972
397594
971182
1337054
1622205
1812919
1892561
1810389
1366999
1001674
552657
-153493
-689784
-1142532
-1532447
-1755724
-1876195
-1892728
-1530392
-1242151
-768352
-241915
463391
961549
1332490
1619853
1841626
1901635
1754225
1378226
1023163
490425
-129528
-674093
-1196664
-1531868
-1757388
-1894311
-1907389
-1555831
-1198650
-783876
-170477
445862
952562
1323642
1658683
1846988
1913836
1781981
1394730
976912
509035
-100764
-745159
-1185381
-1530988
-1798018
-1900644
-1918257
-1516384
-1222132
-811218
-190601
432678
1013193
1376959
1658556
1871223
1923268
1810018
1370963
990685
534392
-197776
-728201
-1178954
-1567856
-1796002
-1914672
-1918057
-1533159
-1170597
-751387
-212335
490427
1000492
1370635
1696161
1873340
1931077
1743893
1383248
1014425
463799
-169489
-711954
-1229610
-1563334
-1820632
-1920144
-1925088
-1492865
-1186115
-770771
-134566
478302
985591
1425198
1692721
1874193
1937377
1769582
1349973
962038
485983
-257453
-781494
-1220260
-1602392
-1821652
-1929071
-1923520
-1508254
-1210381
-710997
-156753
545761
1051154
1416826
1728039
1896159
1945166
1704332
1368674
979143
507173
-232279
-768825
-1271138
-1597597
-1824493
-1939024
-1932734
-1527029
-1163320
-731826
-74343
529709
1036976
1472023
1727858
1899184
1953082
1731388
1381327
928624
431874
-217096
-838857
-1263401
-1598446
-1852207
-1942842
-1922768
-1496589
-1182248
-668885
-100699
514328
1099893
1463312
1767493
1914468
1959527
1757717
1349090
950199
359820
-295655
-821318
-1311246
-1634907
-1872315
-1957630
-1940275
-1468604
-1135325
-606440
-5533
582046
1156893
1519683
1764330
1936476
1968073
1694685
1309696
895658
282947
-363322
-893038
-1355097
-1664478
-1878851
-1972017
-1916797
-1480787
-1082789
-628446
-35148
660794
1146889
1564392
1802951
1942060
1977680
1635229
1326548
844302
308288
-351781
-957120
-1352390
-1666222
-1901235
-1979086
-1872195
-1456012
-1102703
-562898
62707
738133
1208261
1560011
1803546
1959487
1982766
1580625
1282750
860749
233315
-416985
-942582
-1403807
-1701664
-1904773
-1988110
-1894811
-1470713
-1052365
-582239
161346
720766
1198298
1556187
1839688
1966143
1984885
1604334
1302611
801654
255601
-396598
-1009174
-1395027
-1697474
-1930745
-1995655
-1833441
-1443689
-1073013
-510103
133314
700021
1187243
1603511
1837740
1978992
1994204
1624416
1253095
826019
278099
-469119
-993529
-1385768
-1736068
-1932923
-2006579
-1860099
-1456811
-1021055
-535623
108080
781037
1246650
1601384
1875582
1986630
2005170
1581349
1273592
842365
200391
-451302
-983725
-1442695
-1734439
-1954608
-2012972
-1891434
-1430955
-1037411
-559907
205257
760361
1232133
1640399
1873030
2001764
2008249
1599464
1295160
782932
223929
-432660
-1047208
-1434680
-1770737
-1961041
-2018110
-1824479
-1445890
-1058363
-486736
177240
741953
1288511
1638513
1875342
2006858
2018565
1619866
1247864
802409
244753
-501779
-1032685
-1424068
-1775009
-1963283
-2029148
-1855288
-1463461
-1008785
-506947
152411
820223
1283301
1635274
1910597
2014424
2024203
1581121
1267207
824942
168293
-482944
-1099768
-1484008
-1769529
-1980197
-2037185
-1879748
-1477050
-1027143
-532115
248571
801258
1272563
1675581
1908913
2027862
2025377
1596993
1285042
763287
192822
-553679
-1090368
-1474289
-1810336
-1988940
-2043584
-1816692
-1446258
-1047401
-458415
220722
785885
1322690
1675170
1935387
2029099
2034298
1618193
1234794
785093
105778
-534678
-1073221
-1530958
-1808199
-1995834
-2051613
-1842236
-1462916
-992183
-478969
307067
862135
1315881
1712041
1939702
2038960
2044975
1578195
1253419
720683
130972
-517044
-1137486
-1527146
-1803931
-2012683
-2060188
-1873036
-1428750
-1011653
-399620
286941
841137
1363865
1710602
1938662
2042268
2043348
1597751
1205053
742632
158054
-588542
-1127045
-1514755
-1842095
-2019472
-2065261
-1800113
-1446593
-956867
-423890
266018
916214
1358062
1705852
1964946
2057884
2052491
1565913
1221341
678239
66371
-569651
-1111955
-1573620
-1842372
-2034831
-2075531
-1830208
-1407725
-975018
-344194
346065
899461
1405740
1741493
1970152
2070571
2043933
1583810
1171253
698970
-33715
-647555
-1177006
-1626139
-1883356
-2040447
-2080834
-1762243
-1361527
-918787
-368926
413735
966994
1399451
1777979
1993604
2082346
2009102
1555942
1117973
633364
-4480
-734273
-1242856
-1620198
-1922680
-2056043
-2084661
-1701880
-1380888
-860315
-286966
398301
957630
1450046
1776356
2020306
2094358
2032557
1527872
1136802
652948
-113721
-714795
-1227329
-1670657
-1917361
-2076262
-2093957
-1727923
-1334485
-879566
-308245
469341
1027536
1439195
1811374
2024099
2100456
1981056
1542918
1160920
582644
-80749
-795739
-1290263
-1666326
-1962260
-2082755
-2105078
-1671978
-1353526
-903341
-231525
454174
1010899
1496109
1810079
2044000
2109471
2006495
1557631
1104367
606906
-184961
-775731
-1278365
-1713042
-1961582
-2097454
-2106395
-1697841
-1373816
-840686
-253833
523004
1079553
1487454
1853036
2051427
2115644
1939780
1527339
1130266
530685
-158138
-760368
-1337604
-1705708
-1997276
-2104743
-2116548
-1718214
-1325703
-862764
-177233
505929
1065487
1547767
1846223
2052933
2128427
1962915
1544023
1071078
554812
-254797
-837386
-1329645
-1754804
-1994862
-2106893
-2115350
-1666528
-1343078
-798218
-199370
488783
1132746
1538651
1846278
2076908
2136446
1993655
1511536
1091760
473683
-228035
-818630
-1383730
-1743700
-1999065
-2125377
-2127521
-1689987
-1291834
-820082
-112447
557429
1119708
1598570
1889042
2081405
2140776
1923507
1529036
1032756
498669
-207180
-896211
-1375211
-1742337
-2027555
-2130064
-2137013
-1650012
-1310898
-754156
-134771
540011
1189572
1587293
1883144
2082519
2148629
1951994
1492532
1056946
523294
-298079
-880659
-1361822
-1786171
-2030744
-2133837
-2132543
-1671171
-1256056
-775444
-158336
618807
1178674
1577215
1926680
2102907
2158251
1877470
1505713
999610
441216
-272891
-959943
-1416754
-1780364
-2057792
-2152028
-2145739
-1635610
-1278419
-793870
-65308
599844
1160224
1639940
1922868
2123437
2165068
1802892
1468093
1018929
355508
-360487
-941628
-1469050
-1818965
-2082798
-2163917
-2128048
-1606923
-1223605
-728667
35614
676648
1231989
1697475
1959317
2127872
2170094
1834232
1421085
961026
382203
-433266
-1014362
-1463027
-1853758
-2082592
-2168527
-2091602
-1621836
-1168659
-660947
10584
658794
1299599
1693565
2004447
2145325
2176132
1773704
1442813
981966
298776
-419968
-999965
-1514385
-1856206
-2109300
-2181789
-2114911
-1589100
-1184873
-684657
-16940
743314
1284183
1744478
1999737
2164018
2185331
1795574
1461998
917470
323296
-397881
-1073100
-1504243
-1892328
-2108781
-2188225
-2063240
-1606040
-1211574
-705682
89768
724254
1347456
1737775
1996400
2171292
2190837
1821336
1409936
941317
238599
-473387
-1055632
-1563523
-1890061
-2114008
-2201071
-2087311
-1621343
-1152071
-630737
61318
811530
1334484
1787290
2042270
2174339
2199513
1763960
1432201
877414
263117
-451356
-1126933
-1554612
-1929730
-2136911
-2208343
-2114269
-1588222
-1175578
-653869
165348
789649
1396216
1780620
2037321
2192779
2205694
1787179
1377694
892845
287935
-529220
-1114190
-1615816
-1927250
-2138126
-2212980
-2047091
-1602907
-1116643
-578461
140933
874134
1384488
1779147
2078660
2195599
2212913
1736432
1395179
919000
202973
-511462
-1182505
-1608149
-1922768
-2142565
-2222642
-2073556
-1569494
-1134341
-602388
244929
856109
1375055
1823791
2075061
2197596
2213192
1758219
1416219
851127
229637
-584111
-1170413
-1594860
-1919470
-2167456
-2228710
-2003474
-1589762
-1156903
-515423
217928
837983
1433155
1816869
2072577
2218656
2221917
1776918
1360489
870736
139576
-568916
-1155406
-1662835
-1962059
-2168676
-2239341
-2029212
-1603297
-1094373
-543127
187742
921110
1423590
1811741
2107180
2223279
2216129
1734769
1382014
802523
162760
-548316
-1228277
-1649279
-1961254
-2195081
-2247056
-2060794
-1571353
-1115640
-569594
286735
899535
1415359
1858313
2110536
2238982
2229674
1752869
1325098
829768
192707
-627804
-1213072
-1639886
-2002988
-2195610
-2255353
-1982934
-1584767
-1056987
-477209
263826
978121
1469984
1853870
2136473
2241000
2216180
1715691
1348287
753957
91648
-607660
-1283118
-1703029
-2043274
-2215823
-2259643
-1909136
-1543603
-1079477
-392167
356667
1058479
1522282
1891310
2165324
2255138
2228641
1685919
1288179
778968
-14983
-688736
-1347035
-1762154
-2042268
-2233216
-2267401
-1936428
-1496517
-1018964
-415029
439941
1043575
1574788
1926933
2165174
2267207
2198590
1701624
1230454
701619
19514
-778812
-1338555
-1815675
-2083739
-2236782
-2275804
-1867282
-1517881
-1038557
-327724
418764
1116860
1565128
1926538
2192043
2276396
2216824
1671015
1251054
728383
-98615
-758258
-1326163
-1809689
-2081505
-2242061
-2278200
-1894396
-1535958
-971004
-359041
398823
1100903
1556390
1959784
2195076
2277185
2167910
1681725
1272455
652485
-65988
-737252
-1391461
-1800812
-2124113
-2262871
-2288925
-1920487
-1487379
-995992
-273143
477745
1086007
1617407
1959211
2195657
2291300
2190757
1697627
1212542
673037
-33263
-825810
-1379256
-1853931
-2120403
-2262814
-2298570
-1854243
-1505948
-924552
-292982
459497
1159403
1608035
1956851
2222075
2297889
2213743
1664726
1231426
592251
-148624
-806469
-1441025
-1844951
-2116594
-2284945
-2299039
-1876865
-1449669
-949866
-318616
532391
1147553
1598095
1996809
2226643
2307828
2151937
1685077
1178621
617009
-119135
-891817
-1430168
-1840711
-2159387
-2288640
-2307782
-1818434
-1469706
-877819
-229103
518141
1218249
1659565
1997604
2250144
2314250
2178948
1651559
1197428
640420
-232469
-875503
-1420273
-1888233
-2158555
-2289022
-2304897
-1841345
-1407426
-899354
-253750
496029
1202391
1646475
2038539
2249426
2323467
2102448
1665247
1217395
557334
-204631
-852419
-1479840
-1885578
-2154700
-2306873
-2316983
-1794935
-1431656
-925074
-276909
575011
1188740
1713175
2034582
2246948
2328329
2133866
1681633
1154392
583716
-168553
-832732
-1468434
-1875714
-2191573
-2312225
-2311210
-1815180
-1452495
-852256
-188917
554366
1171230
1701442
2031578
2276314
2335563
2162072
1643377
1174941
609567
-279211
-920815
-1458149
-1918991
-2192063
-2314016
-2323555
-1835160
-1390956
-869667
-216538
636776
1250647
1693550
2074106
2278572
2343378
2080655
1660136
1199790
518257
-251816
-900082
-1513398
-1917389
-2219955
-2330521
-2330962
-1857452
-1411818
-898947
-116948
615728
1233156
1757374
2072608
2282165
2349361
2110748
1671390
1131674
546234
-228202
-985908
-1512176
-1961864
-2223447
-2334463
-2338832
-1812651
-1432828
-824737
-144696
596979
1304205
1746804
2068375
2299928
2355746
2138996
1636538
1159799
574622
-330203
-965019
-1564668
-1956430
-2221870
-2339498
-2334548
-1827511
-1375246
-845677
-172564
677739
1287806
1735844
2111838
2305127
2366050
2169021
1653429
1178777
482988
-304717
-948050
-1553049
-1950816
-2220864
-2355330
-2345491
-1843493
-1396958
-870256
-72270
658833
1278295
1801380
2109855
2308423
2370814
2089363
1672322
1113381
508257
-282336
-1031931
-1545213
-1948594
-2251097
-2362177
-2355639
-1804314
-1418491
-792925
-93810
633172
1348397
1791891
2101014
2327928
2375201
2118143
1626449
1137548
412351
-372146
-1014889
-1532259
-1981385
-2250007
-2362737
-2345732
-1819387
-1357377
-817685
-128944
720251
1335695
1780348
2096495
2332044
2382167
2039492
1644275
1154106
444102
-351068
-991365
-1588784
-1989177
-2251710
-2376790
-2356965
-1836420
-1376928
-842515
-12759
704842
1320932
1767764
2142114
2337790
2390346
2066241
1667894
1090463
469587
-322033
-1073779
-1581161
-1981521
-2275928
-2383311
-2371424
-1799615
-1400727
-764054
-46192
682646
1306018
1832633
2139805
2353566
2394873
2096820
1620148
1114599
494027
-418403
-1058456
-1571756
-2015851
-2275090
-2390777
-2348844
-1814111
-1335800
-786785
-73697
658312
1381041
1819578
2184357
2356869
2407255
2015037
1630596
1130734
401608
-395407
-1037774
-1624968
-2015878
-2305228
-2397203
-2363834
-1827666
-1355054
-813472
-110518
752725
1363470
1881425
2174993
2359732
2410821
2038670
1651439
1065164
428019
-369422
-1123976
-1616930
-2010767
-2305555
-2405460
-2380312
-1793145
-1381436
-832396
13423
728895
1437788
1876647
2176868
2377752
2417179
2070040
1600132
1089052
453072
-459129
-1102934
-1605051
-2049901
-2305396
-2415416
-2344416
-1806699
-1399692
-753449
-20546
827082
1423211
1862687
2218855
2382083
2423625
1990893
1619958
1108690
360842
-436557
-1085981
-1665167
-2046015
-2332338
-2423780
-2367109
-1825732
-1337008
-775767
100208
799920
1408800
1926025
2216245
2385701
2429206
2014618
1641103
1039772
384258
-519904
-1165786
-1654736
-2083145
-2329877
-2427310
-2302003
-1793247
-1356604
-695026
66901
781832
1480358
1914376
2206152
2405820
2435793
1952540
1583542
1063664
294685
-501599
-1148630
-1714667
-2077366
-2328155
-2438632
-2330947
-1805983
-1291408
-717102
189286
877307
1464663
1910775
2255285
2409273
2437788
1972501
1601789
989447
321017
-478478
-1228692
-1707021
-2078157
-2356035
-2438095
-2351327
-1768716
-1312984
-629502
162406
853330
1533734
1964117
2246625
2423308
2441860
1997162
1544090
1012545
346083
-559340
-1209874
-1689154
-2111727
-2357722
-2444184
-2285950
-1781977
-1246789
-654584
128950
834965
1519980
1956127
2290335
2431260
2451697
1934049
1566650
936809
253793
-539372
-1193306
-1759011
-2113872
-2378916
-2452397
-2314010
-1746230
-1266750
-564326
247628
925343
1503472
2003435
2286660
2444355
2450675
1956420
1500200
961660
151688
-622423
-1267594
-1822822
-2153796
-2381541
-2458050
-2220943
-1698820
-1200637
-592355
351987
1019035
1569469
2046542
2322657
2459729
2440002
1906892
1435425
886153
182722
-707887
-1351373
-1811178
-2199689
-2403880
-2461218
-2131267
-1718858
-1223044
-491100
327960
1102356
1625199
2043972
2353454
2463027
2454855
1871334
1454283
911533
74387
-686616
-1328796
-1876147
-2193599
-2415690
-2468679
-2164625
-1665872
-1151021
-516343
425289
1085415
1621377
2083504
2350465
2475975
2434666
1884968
1479255
829086
105949
-769996
-1403268
-1865946
-2236216
-2416084
-2469772
-2079465
-1686044
-1170250
-416732
408376
1063575
1677149
2078863
2379892
2478489
2447958
1900700
1414440
858753
-15467
-752633
-1385204
-1919409
-2226563
-2418725
-2471421
-2104889
-1697296
-1098419
-442246
378521
1151958
1667522
2117133
2378544
2484023
2463374
1865016
1433517
776412
19206
-727009
-1459410
-1910445
-2221685
-2435836
-2476050
-2131839
-1637906
-1115783
-345908
466835
1134622
1717787
2112489
2378665
2493859
2427785
1881163
1372907
801263
55642
-822645
-1438009
-1900234
-2266164
-2439200
-2480965
-2045935
-1660236
-1142541
-378115
453967
1220932
1712244
2110480
2406509
2503185
2448656
1845323
1393102
821376
-71855
-800307
-1418512
-1953893
-2246199
-2427728
-2467691
-2073464
-1665884
-1065158
-401292
532356
1198879
1703930
2147495
2403842
2504013
2395805
1859180
1414946
737155
-40114
-773878
-1493447
-1935118
-2237021
-2432364
-2467302
-2089843
-1607794
-1085877
-302297
515707
1180528
1694700
2141981
2400610
2512894
2417070
1874777
1348717
761532
-165883
-867366
-1466921
-1927949
-2274856
-2428144
-2456598
-2010776
-1636730
-996089
-329958
495913
1263313
1752251
2137574
2427661
2518174
2440251
1839489
1369974
670695
-128358
-834987
-1440501
-1966677
-2236719
-2415664
-2448249
-1989897
-1569129
-1032357
-350553
574566
1238745
1739198
2179122
2425444
2522744
2373679
1854289
1301083
696577
-98745
-806326
-1521064
-1924753
-2242566
-2403391
-2418916
-1919978
-1566496
-1042736
-256178
558063
1227129
1802023
2168161
2447591
2525519
2399402
1810542
1319307
722333
-220589
-899666
-1493683
-1981232
-2264123
-2389484
-2370254
-1928577
-1567816
-955483
-279215
535586
1299255
1784721
2213789
2450434
2527308
2312482
1821429
1339778
634568
-182759
-872142
-1515505
-1928904
-2263719
-2343976
-2365898
-1935959
-1494411
-962188
-184155
611082
1277306
1852849
2203172
2439723
2533162
2341903
1833924
1268322
653658
-146181
-933655
-1513711
-1957800
-2200405
-2305400
-2319732
-1848365
-1496053
-879386
-205999
592505
1354963
1831380
2191325
2462804
2531339
2364975
1790847
1287517
555697
-256396
-901935
-1494915
-1923211
-2134212
-2287634
-2262418
-1799971
-1414504
-864568
-217961
680270
1335829
1899183
2233156
2454621
2526364
2270411
1800158
1213674
591737
-218189
-943480
-1469213
-1893443
-2107502
-2215827
-2201079
-1721455
-1381302
-755193
-75042
766701
1409515
1882837
2268101
2461294
2522675
2165340
1746640
1137257
477806
-317775
-1009536
-1464064
-1828307
-2082056
-2154712
-2140186
-1627328
-1263988
-647927
8535
739553
1469086
1930114
2251378
2473015
2521571
2182573
1676620
1143954
411805
-400301
-934453
-1404227
-1791298
-2021235
-2090714
-2048560
-1564524
-1140230
-617564
-35990
823793
1443231
1897884
2223958
2459048
2506602
2076745
1693498
1070065
411349
-362304
-897903
-1386632
-1727836
-1928087
-2008829
-1967137
-1461379
-1129894
-613920
126548
812973
1406018
1961985
2260311
2455346
2496883
2091195
1617019
1089430
429969
-453603
-915570
-1335258
-1644495
-1843035
-1955737
-1887581
-1449340
-997644
-505022
99039
747689
1479822
1919663
2277113
2441746
2481830
1986274
1624566
1104693
354985
-365992
-847212
-1254347
-1554433
-1766421
-1808544
-1755620
-1296564
-964377
-509913
92341
874223
1441418
1955579
2251838
2421616
2452145
1990365
1630653
1014720
403524
-268850
-825645
-1159076
-1481373
-1653627
-1681788
-1610550
-1231800
-909515
-379429
249913
859627
1482479
1916121
2221447
2410554
2438230
1911104
1538494
1043660
463793
-268536
-691555
-1127526
-1380078
-1553636
-1595828
-1499495
-1134475
-747336
-353800
246244
922718
1445316
1886410
2235511
2379807
2398705
1902090
1550323
1029638
363167
-216675
-695763
-1026167
-1265731
-1439641
-1515045
-1411818
-1001808
-645485
-310255
349374
890962
1487117
1910695
2193499
2363121
2378402
1901364
1486584
998365
446219
-207094
-694496
-951500
-1110368
-1296946
-1368669
-1201743
-867976
-649930
-177017
334799
997315
1481470
1864647
2194992
2327977
2348686
1832625
1461759
1031578
417212
-84566
-622493
-817621
-1038183
-1175212
-1206114
-1102256
-748015
-571189
-136830
504122
962043
1502068
1920316
2170773
2297483
2289788
1815891
1413125
935553
460599
-84512
-486713
-739147
-931686
-1089957
-1103884
-973793
-685363
-383316
47091
528778
1061173
1512340
1857283
2106790
2253355
2267618
1775734
1402968
1011759
467699
47655
-364587
-632572
-879568
-924348
-1000122
-833089
-539543
-275969
131643
632382
1065592
1487016
1830838
2110142
2212778
2217932
1746542
1440666
957408
590019
145272
-279441
-484973
-710095
-861618
-895809
-686779
-415798
-159342
282037
698075
1089795
1491787
1831757
2092074
2176486
2159923
1687131
1408034
944047
535920
151572
-130532
-456483
-620801
-752524
-730331
-590886
-326861
-42559
424506
750228
1134954
1528017
1813400
2031797
2152065
2091727
1617226
1353981
989875
542879
225882
-113978
-412867
-548372
-643185
-649319
-410701
-182657
119437
446829
838702
1270483
1539819
1831722
2007810
2076129
2010704
1607060
1326477
1014120
615999
321130
-48508
-297781
-486105
-581799
-606461
-320487
-119578
159950
500855
906128
1295076
1552078
1812945
1990218
2077237
2003185
1613289
1349095
1104989
755275
374244
62563
-227509
-404431
-481443
-503015
-209536
-39666
325767
605241
1039290
1342075
1537206
1764775
1959608
2019706
1929089
1616835
1373967
1054482
777516
409348
78314
-135152
-319068
-405473
-404331
-106233
111735
378343
786211
1098847
1340830
1627495
1819063
1950321
1989884
1918220
1593268
1415696
1214266
812347
493899
214751
-39837
-199171
-278138
-325025
-27148
171386
488732
839815
1155428
1388583
1628522
1830177
1992429
1944566
1873377
1742040
1462694
1194044
890101
603724
255254
56646
-102329
-213785
-245959
52574
304819
571295
955794
1241375
1499636
1721246
1818176
1921005
1922316
1862408
1643530
1635399
1311630
921585
584597
317104
88750
-108525
-180503
-174143
141172
353464
655121
1025796
1331496
1736097
1683356
1844850
1934314
1936185
1861949
1681626
1639619
1385166
1009281
694437
420992
121223
-12355
-99029
-132447
189125
417738
734845
1056155
1470678
1644159
1744409
1842235
1965159
1956612
1844357
1745569
1619334
1456380
1097111
783339
451189
220693
37180
-42826
-40174
285293
529149
790203
1193842
1494842
1713760
1850795
1938973
1941046
1933088
1837046
1822000
1699757
1449814
1143177
818145
488570
283552
101289
19647
23235
369977
536046
900377
1206941
1525874
1805706
1868479
1920157
1921098
1904054
1888630
1892992
1716986
1462857
1159716
852678
559352
311197
164653
76853
44684
379845
662083
931728
1224918
1570733
1802011
1942818
1960677
1965079
1970875
1918276
1930697
1764842
1557132
1206613
847537
592650
316130
173331
132299
151601
437818
712106
1004819
1302555
1679684
1899535
2002890
2055901
2064760
2065658
2086090
2009383
1796440
1543199
1221217
845798
582237
320484
162961
124182
173808
480906
731940
1078835
1498799
1731921
1976036
2086715
2148432
2124683
2096634
2096741
1992831
1844507
1590460
1204906
856747
634950
359170
230494
150965
193519
537499
785408
1069945
1417514
1773945
1983422
2128888
2199825
2201483
2239506
2157565
2045089
1852167
1593903
1212491
878391
595501
434947
238971
169672
237675
596583
843987
1121394
1527814
1780907
2024249
2217129
2228157
2285861
2228515
2181639
2055418
1871632
1612856
1201929
931778
617607
400603
327987
214271
288396
586512
901516
1168467
1504863
1825886
2060992
2195481
2270785
2312832
2275621
2163534
2059586
1888593
1584976
1228856
920103
679135
464738
258086
244905
286644
616035
875108
1179679
1529679
1811519
2043529
2201260
2267953
2298369
2310009
2191164
2068090
1850225
1610872
1199109
905420
658191
429057
292635
262964
410367
621469
900176
1223689
1593673
1886832
2080688
2232089
2336341
2345733
2338541
2233238
2105887
1916950
1582199
1238088
919897
688526
443014
354000
287114
417200
641010
920582
1235849
1585466
1905489
2124660
2260914
2355966
2374404
2379274
2243368
2119998
1885493
1616421
1305931
956102
659071
478565
342562
316720
404252
680543
940948
1344117
1662933
1921149
2108532
2251976
2333599
2400331
2358540
2229925
2078849
1894725
1636169
1241186
922427
682259
454578
364635
350022
432804
733997
992742
1316472
1647117
1941081
2159512
2302346
2364516
2386923
2388754
2256824
2121288
1949883
1613664
1287671
955413
712369
524739
371303
334923
466020
738084
1001392
1324707
1670904
1989507
2192001
2282514
2380404
2404931
2427291
2279510
2131492
1948767
1644456
1320908
941957
726049
537546
405028
375473
504998
781605
1012395
1353118
1757687
1976357
2180832
2289210
2361503
2423381
2387699
2283929
2111169
1932758
1666835
1279977
987712
734621
529912
410611
348245
557731
767356
1100134
1394572
1734212
2027626
2173003
2300906
2399403
2415116
2427237
2263811
2147879
1893954
1613666
1289451
956911
714278
539060
406186
391141
614068
812105
1072849
1417900
1756386
2054498
2206945
2334014
2427026
2413702
2380914
2240938
2134677
1947118
1592934
1311814
955414
715800
535083
414723
376453
599256
847170
1111230
1420377
1841400
2077111
2215800
2364076
2428226
2429241
2387866
2275271
2120632
1907754
1661621
1268712
958990
733102
535378
441298
438868
624295
866414
1173462
1469807
1821620
2045388
2269673
-2940668
-1633397
-1468443
-1483157
2037356
2446706
1978487
1683518
1347005
1108805
824145
674556
557288
551930
783047
1039087
1297281
1587832
1920603
2140384
-2225735
-1650509
-1561163
-1564182
-1552034
-1542836
-1534647
2486063
1815481
1496760
1246648
1030785
875113
748655
701008
955114
1197638
1450729
1754190
2090728
-2328792
-1667835
-1605183
-1603349
-1591475
-1582191
-1572938
-1562217
-1547832
1587810
1746626
1451413
1203781
1042403
948212
948704
1201980
1344486
1639961
1954514
-2413148
-1779923
-1605132
-550107
-8388608
-5465864
-7322495
1630845
-1189606
-1557928
-135514
2257600
1703602
1481341
1317007
1227774
1215211
1429283
1663213
1905709
-149982
-1908797
-1535576
-3234434
-1671725
-1500804
-1503877
-1520411
-1507338
1336891
-2552685
-1321292
2199978
1967792
1726470
1593757
1508472
1460655
1717598
1947305
2160344
-1903019
-1494796
3317577
-2361848
-1589081
-1490745
-1495245
-1483419
-1474679
-1466067
2197107
-1061717
-1502681
1824004
2017501
1789484
1741282
1714451
1995602
2174831
-436703
-1642701
-864278
-892144
-1568380
-1478628
-1447386
-1440246
-1432252
-1423816
-1414119
-1406251
3473138
-1539665
-1341855
2965066
2168056
2033019
2048142
2270740
-692917
-1444125
-2800275
1311335
-1125075
-1422272
-1368302
-1364595
-1356973
-1347679
-1339806
-1331974
-1324189
-1233292
681009
-1107529
-701144
2490618
2318843
2315113
-1322492
-1340143
-1313536
356230
-1488592
-1253647
-1274008
-1263841
-1255534
-1248342
-1241022
-1232566
-1225362
-1217010
-1209897
-5157340
-2079960
-1047705
-1166146
-1166505
-1158760
-1152101
-731727
-3136050
-955373
-1139504
-1098442
-1094938
-1089926
-1083334
-1075975
-1069691
-1063439
-1056190
-1050017
-1043880
-1035959
-2515391
-959379
-1021747
-1003448
-999775
-993097
-8388608
164955
-1139642
-928007
-946472
-944490
-938432
-932101
-926658
-921241
-914962
-909614
-904297
-898134
-892884
-887194
-983908
-1163163
-830157
-871947
3017584
-1235782
-756805
-832929
-817758
-810483
-805259
-800597
-795912
-791261
-785867
-781274
-775949
-771413
-766904
-761677
-757225
-752799
-747668
-743298
-738953
-733917
-729627
-725362
-720418
-716207
-711325
-707168
-703034
-698925
-694161
-690104
-685400
-681394
-677411
-672794
-668861
-664952
-660419
-656559
-652722
-648273
-644483
-640091
-636349
-632630
-628318
-624645
-620994
-616761
-613156
-609573
-605418
-601879
-598361
-594283
-590809
-587356
-583352
-579942
-576553
-572623
-569276
-565396
-562091
-558805
-554997
-551753
-548528
-544789
-541605
-538439
-534769
-531643
-528020
-524933
-521865
-518308
-515278
-512267
-508775
-505801
-502845
-499417
-496498
-493596
-490232
-487366
-484518
-481215
-478402
-475606
-472364
-469603
-466403
-463676
-460966
-458272
-455148
-452488
-449404
-446777
-444166
-441138
-438560
-435996
-433025
-430493
-427977
-425060
-422576
-420106
-417242
-414803
-411976
-409568
-407174
-404794
-402035
-399685
-396961
-394641
-392334
-389660
-387382
-384742
-382493
-380257
-378035
-375458
-373263
-370719
-368552
-366398
-363901
-361774
-359659
-357208
-355120
-353044
-350638
-348588
-346551
-344189
-342177
-339845
-337858
-335884
-333920
-331644
-329706
-327459
-325545
-323642
-321436
-319557
-317689
-315524
-313679
-311846
-309720
-307910
-306110
-304024
-302247
-300187
-298432
-296688
-294954
-292943
-291231
-289246
-287555
-285875
-283926
-282266
-280617
-278704
-277075
-275455
-273578
-271979
-270389
-268546
-266976
-265416
-263607
-262066
-260534
-258759
-257246
-255493
-253999
-252515
-250794
-249328
-247870
-246181
-244742
-243311
-241653
-240240
-238603
-237208
-235822
-234215
-232846
-231258
-229907
-228563
-227005
-225678
-224140
-222830
-221527
-220017
-218731
-217453
-215971
-214708
-213453
-211999
-210759
-209323
-208099
-206883
-205473
-204272
-203078
-201694
-200515
-199343
-197984
-196827
-195676
-194343
-193207
-191890
-190768
-189653
-188361
-187260
-186165
-184896
-183815
-182741
-181495
-180435
-179380
-178157
-177116
-176081
-174881
-173858
-172673
-171664
-170661
-169497
-168507
-167522
-166380
-165408
-164441
-163320
-162365
-161259
-160316
-159379
-158447
-157367
-156448
-155381
-154473
-153570
-152523
-151632
-150746
-149718
-148843
-147973
-146964
-146105
-145251
-144261
-143418
-142441
-141608
-140780
-139821
-139004
-138191
-137249
-136447
-135517
-134725
-133937
-133024
-132247
-131474
-130705
-129815
-129056
-128176
-127427
-126682
-125819
-125083
-124352
-123505
-122783
-122065
-121233
-120524
-119703
-119003
-118308
-117501
-116815
-116132
-115453
-114666
-113996
-113219
-112557
-111899
-111136
-110487
-109841
-109092
-108455
-107715
-107086
-106460
-105734
-105116
-104502
-103790
-103183
-102580
-101881
-101285
-100693
-100007
-99422
-98745
-98167
-97594
-97023
-96362
-95799
-95146
-94590
-94037
-93396
-92850
-92307
-91678
-91142
-90609
-89992
-89466
-88943
-88337
-87820
-87222
-86712
-86205
-85618
-85117
-84620
-84043
-83552
-83063
-82497
-82015
-81536
-80980
-80506
-80036
-79490
-79026
-78564
-78028
-77572
-77119
-76593
-76146
-75627
-75184
-74745
-74236
-73802
-73370
-72870
-72444
-72021
-71530
-71112
-70696
-70214
-69804
-69396
-68923
-68520
-68120
-67655
-67260
-66801
-66411
-66023
-65573
-65189
-64808
-64367
-63990
-63616
-63183
-62814
-62446
-62021
-61658
-61298
-60880
-60524
-60112
-59760
-59411
-59006
-58661
-58318
-57921
-57582
-57246
-56856
-56523
-56193
-55810
-55484
-55159
-54783
-54463
-54092
-53776
-53461
-53097
-52787
-52478
-52120
-51816
-51513
-51162
-50863
-50566
-50221
-49927
-49587
-49297
-49009
-48723
-48391
-48108
-47780
-47500
-47223
-46901
-46627
-46354
-46038
-45769
-45502
-45192
-44927
-44665
-44360
-44101
-43801
-43545
-43290
-43037
-42744
-42494
-42204
-41958
-41712
-41428
-41186
-40945
-40666
-40428
-40192
-39918
-39685
-39414
-39184
-38955
-38689
-38463
-38238
-37978
-37756
-37535
-37279
-37061
-36809
-36594
-36380
-36132
-35921
-35711
-35467
-35260
-35020
-34815
-34611
-34375
-34175
-33975
-33743
-33546
-33350
-33123
-32929
-32705
-32513
-32292
-32103
-31915
-31729
-31513
-31328
-31115
-30933
-30752
-30543
-30364
-30187
-29981
-29806
-29631
-29429
-29257
-29058
-28888
-28719
-28524
-28357
-28191
-27999
-27835
-27673
-27484
-27323
-27164
-26979
-26821
-26638
-26482
-26328
-26174
-25995
-25843
-25667
-25517
-25368
-25195
-25048
-24901
-24732
-24587
-24443
-24277
-24135
-23994
-23830
-23691
-23530
-23392
-23255
-23119
-22962
-22828
-22672
-22540
-22408
-22255
-22125
-21996
-21846
-21718
-21591
-21444
-21319
-21173
-21050
-20927
-20784
-20662
-20542
-20402
-20282
-20164
-20026
-19909
-19793
-19658
-19543
-19410
-19297
-19184
-19072
-18942
-18831
-18703
-18593
-18485
-18359
-18251
-18145
-18021
-17916
-17811
-17689
-17586
-17466
-17364
-17263
-17145
-17045
-16945
-16846
-16731
-16634
-16520
-16424
-16328
-16216
-16122
-16027
-15918
-15825
-15733
-15625
-15534
-15428
-15338
-15248
-15159
-15056
-14968
-14880
-14779
-14693
-14592
-14507
-14422
-14324
-14240
-14157
-14061
-13978
-13897
-13802
-13721
-13628
-13548
-13469
-13377
-13299
-13221
-13131
-13054
-12978
-12890
-12814
-12727
-12653
-12579
-12505
-12420
-12347
-12263
-12191
-12120
-12038
-11967
-11897
-11816
-11747
-11678
-11599
-11531
-11464
-11386
-11319
-11253
-11176
-11111
-11046
-10971
-10906
-10832
-10769
-10706
-10633
-10571
-10509
-10437
-10376
-10316
-10255
-10185
-10126
-10057
-9998
-9940
-9872
-9814
-9757
-9690
-9634
-9577
-9512
-9457
-9392
-9337
-9283
-9219
-9166
-9112
-9059
-8997
-8944
-8883
-8831
-8780
-8720
-8669
-8610
-8560
-8510
-8452
-8402
-8353
-8296
-8248
-8200
-8144
-8096
-8049
-7994
-7947
-7893
-7847
-7801
-7748
-7703
-7650
-7605
-7561
-7517
-7465
-7422
-7371
-7328
-7285
-7236
-7193
-7144
-7103
-7061
-7013
-6972
-6931
-6884
-6844
-6797
-6757
-6718
-6672
-6633
-6594
-6549
-6511
-6473
-6429
-6391
-6348
-6311
-6274
-6237
-6195
-6158
-6116
-6081
-6045
-6004
-5969
-5934
-5894
-5859
-5825
-5785
-5751
-5718
-5679
-5646
-5607
-5574
-5542
-5509
-5472
-5440
-5403
-5371
-5340
-5303
-5272
-5242
-5206
-5175
-5145
-5110
-5080
-5046
-5016
-4987
-4953
-4924
-4895
-4862
-4833
-4805
-4772
-4744
-4717
-4685
-4657
-4630
-4598
-4572
-4545
-4514
-4487
-4457
-4431
-4405
-4375
-4349
-4324
-4294
-4269
-4244
-4215
-4191
-4162
-4138
-4114
-4090
-4062
-4038
-4015
-3987
-3964
-3937
-3914
-3891
-3864
-3842
-3819
-3797
-3771
-3749
-3724
-3702
-3680
-3655
-3634
-3613
-3588
-3567
-3546
-3522
-3501
-3481
-3457
-3437
-3414
-3394
-3374
-3354
-3331
-3312
-3289
-3270
-3251
-3229
-3210
-3191
-3169
-3151
-3129
-3111
-3093
-3072
-3054
-3036
-3015
-2998
-2980
-2963
-2943
-2925
-2905
-2888
-2872
-2852
-2835
-2819
-2800
-2783
-2767
-2748
-2732
-2713
-2698
-2682
-2663
-2648
-2632
-2614
-2599
-2584
-2566
-2551
-2536
-2519
-2504
-2490
-2473
-2458
-2442
-2427
-2413
-2397
-2383
-2369
-2353
-2339
-2325
-2309
-2296
-2283
-2267
-2254
-2238
-2225
-2212
-2199
-2184
-2172
-2159
-2144
-2132
-2117
-2105
-2092
-2078
-2066
-2054
-2042
-2028
-2016
-2002
-1991
-1979
-1966
-1954
-1943
-1930
-1918
-1905
-1894
-1883
-1870
-1859
-1848
-1836
-1825
-1814
-1802
-1791
-1781
-1769
-1759
-1747
-1736
-1726
-1716
-1704
-1694
-1683
-1673
-1663
-1652
-1642
-1633
-1622
-1612
-1603
-1593
-1582
-1573
-1563
-1553
-1544
-1534
-1525
-1516
-1506
-1497
-1488
-1478
-1469
-1459
-1451
-1442
-1432
-1424
-1416
-1406
-1398
-1390
-1380
-1372
-1364
-1355
-1347
-1339
-1330
-1322
-1313
-1305
-1298
-1289
-1281
-1274
-1265
-1258
-1251
-1242
-1235
-1228
-1219
-1212
-1204
-1197
-1190
-1182
-1175
-1168
-1161
-1153
-1146
-1139
-1132
-1125
-1118
-1111
-1105
-1097
-1091
-1084
-1077
-1071
-1063
-1057
-1051
-1044
-1038
-1032
-1025
-1019
-1013
-1006
-1000
-993
-987
-982
-975
-969
-964
-957
-951
-945
-939
-934
-928
-922
-917
-910
-905
-899
-894
-889
-882
-877
-871
-866
-861
-856
-850
-845
-840
-835
-829
-824
-819
-814
-809
-804
-799
-794
-790
-784
-780
-775
-770
-765
-761
-756
-751
-747
-742
-737
-733
-728
-724
-719
-715
-710
-706
-702
-697
-693
-689
-685
-680
-676
-672
-667
-664
-659
-655
-651
-647
-643
-639
-635
-631
-628
-623
-620
-616
-612
-608
-605
-601
-597
-594
-590
-586
-583
-579
-575
-571
-568
-565
-561
-558
-554
-551
-547
-544
-541
-537
-534
-531
-528
-524
-521
-518
-515
-511
-508
-505
-502
-499
-496
-493
-490
-486
-484
-481
-478
-475
-472
-469
-466
-463
-460
-457
-454
-452
-449
-446
-443
-441
-438
-435
-433
-430
-427
-425
-422
-419
-417
-414
-412
-409
-407
-404
-401
-399
-397
-394
-392
-389
-387
-385
-382
-380
-377
-375
-373
-371
-368
-366
-364
-362
-359
-357
-355
-353
-350
-348
-346
-344
-342
-340
-338
-335
-333
-332
-329
-327
-325
-323
-321
-319
-317
-315
-314
-311
-310
-308
-306
-304
-302
-300
-298
-296
-295
-293
-291
-289
-288
-286
-284
-282
-280
-279
-277
-275
-274
-272
-270
-269
-267
-265
-264
-262
-260
-259
-257
-256
-254
-252
-251
-249
-248
-246
-245
-243
-242
-240
-239
-237
-236
-234
-233
-231
-230
-229
-227
-226
-224
-223
-222
-220
-219
-218
-216
-215
-214
-212
-211
-210
-208
-207
-206
-204
-203
-202
-201
-199
-198
-197
-196
-195
-193
-192
-191
-190
-189
-187
-186
-185
-184
-183
-182
-181
-180
-178
-177
-176
-175
-174
-173
-172
-171
-170
-169
-168
-167
-166
-165
-164
-163
-162
-161
-160
-159
-158
-157
-156
-155
-154
-153
-152
-151
-150
-149
-148
-147
-146
-145
-145
-144
-143
-142
-141
-140
-139
-138
-138
-137
-136
-135
-134
-133
-133
-132
-131
-130
-129
-129
-128
-127
-126
-125
-125
-124
-123
-122
-122
-121
-120
-119
-119
-118
-117
-116
-116
-115
-114
-114
-113
-112
-112
-111
-110
-109
-109
-108
-107
-107
-106
-105
-105
-104
-103
-103
-102
-102
-101
-100
-100
-99
-98
-98
-97
-97
-96
-95
-95
-94
-94
-93
-93
-92
-91
-91
-90
-90
-89
-89
-88
-88
-87
-87
-86
-85
-85
-84
-84
-83
-83
-82
-82
-81
-81
-80
-80
-79
-79
-78
-78
-77
-77
-77
-76
-76
-75
-75
-74
-74
-73
-73
-72
-72
-71
-71
-71
-70
-70
-69
-69
-68
-68
-68
-67
-67
-66
-66
-66
-65
-65
-64
-64
-64
-63
-63
-62
-62
-62
-61
-61
-60
-60
-60
-59
-59
-59
-58
-58
-58
-57
-57
-57
-56
-56
-56
-55
-55
-54
-54
-54
-53
-53
-53
-53
-52
-52
-52
-51
-51
-51
-50
-50
-50
-49
-49
-49
-48
-48
-48
-48
-47
-47
-47
-46
-46
-46
-46
-45
-45
-45
-44
-44
-44
-44
-43
-43
-43
-43
-42
-42
-42
-42
-41
-41
-41
-41
-40
-40
-40
-40
-39
-39
-39
-39
-38
-38
-38
-38
-37
-37
-37
-37
-37
-36
-36
-36
-36
-35
-35
-35
-35
-35
-34
-34
-34
-34
-34
-33
-33
-33
-33
-33
-32
-32
-32
-32
-32
-31
-31
-31
-31
-31
-30
-30
-30
-30
-30
-30
-29
-29
-29
-29
-29
-28
-28
-28
-28
-28
-28
-27
-27
-27
-27
-27
-27
-26
-26
-26
-26
-26
-26
-26
-25
-25
-25
-25
-25
-25
-24
-24
-24
-24
-24
-24
-24
-23
-23
-23
-23
-23
-23
-23
-22
-22
-22
-22
-22
-22
-22
-22
-21
-21
-21
-21
-21
-21
-21
-21
-20
-20
-20
-20
-20
-20
-20
-20
-19
-19
-19
-19
-19
-19
-19
-19
-19
-18
-18
-18
-18
-18
-18
-18
-18
-18
-17
-17
-17
-17
-17
-17
-17
-17
-17
-16
-16
-16
-16
-16
-16
-16
-16
-16
-16
-16
-15
-15
-15
-15
-15
-15
-15
-15
-15
-15
-15
-14
-14
-14
-14
-14
-14
-14
-14
-14
-14
-14
-14
-13
-13
-13
-13
-13
-13
-13
-13
-13
-13
-13
-13
-13
-12
-12
-12
-12
-12
-12
-12
-12
-12
-12
-12
-12
-12
-12
-11
-11
-11
-11
-11
-11
-11
-11
-11
-11
-11
-11
-11
-11
-11
-10
-10
-10
-10
-10
-10
-10
-10
-10
-10
-10
-10
-10
-10
-10
-10
-10
-9
-9
-9
-9
-9
-9
-9
-9
-9
-9
-9
-9
-9
-9
-9
-9
-9
-9
-9
-8
-8
-8
-8
-8
-8
-8
-8
-8
-8
-8
-8
-8
-8
-8
-8
-8
-8
-8
-8
-8
-8
-7
-7
-7
-7
-7
-7
-7
-7
-7
-7
-7
-7
-7
-7
-7
-7
-7
-7
-7
-7
-7
-7
-7
-7
-6
-6
-6
-6
-6
-6
-6
-6
-6
-6
-6
-6
-6
-6
-6
-6
-6
-6
-6
-6
-6
-6
-6
-6
-6
-6
-6
-6
-6
-6
-5
-5
-5
-5
-5
-5
-5
-5
-5
-5
-5
-5
-5
-5
-5
-5
-5
-5
-5
-5
-5
-5
-5
-5
-5
-5
-5
-5
-5
-5
-5
-5
-5
-5
-5
-5
-4
-4
-4
-4
-4
-4
-4
-4
-4
-4
-4
-4
-4
-4
-4
-4
-4
-4
-4
-4
-4
-4
-4
-4
-4
-4
-4
-4
-4
-4
-4
-4
-4
-4
-4
-4
-4
-4
-4
-4
-4
-4
-4
-4
-4
-4
-3
-3
-3
-3
-3
-3
-3
-3
-3
-3
-3
-3
-3
-3
-3
-3
-3
-3
-3
-3
-3
-3
-3
-3
-3
-3
-3
-3
-3
-3
-3
-3
-3
-3
-3
-3
-3
-3
-3
-3
-3
-3
-3
-3
-3
-3
-3
-3
-3
-3
-3
-3
-3
-3
-3
-3
-3
-3
-3
-3
-3
-3
-3
-3
-3
-2
-2
-2
-2
-2
-2
-2
-2
-2
-2
-2
-2
-2
-2
-2
-2
-2
-2
-2
-2
-2
-2
-2
-2
-2
-2
-2
-2
-2
-2
-2
-2
-2
-2
-2
-2
-2
-2
-2
-2
-2
-2
-2
-2
-2
-2
-2
-2
-2
-2
-2
-2
-2
-2
-2
-2
-2
-2
-2
-2
-2
-2
-2
-2
-2
-2
-2
-2
-2
-2
-2
-2
-2
-2
-2
-2
-2
-2
-2
-2
-2
-2
-2
-2
-2
-2
-2
-2
-2
-2
-2
-2
-2
-2
-2
-2
-2
-2
-2
-2
-2
-2
-2
-2
-2
-2
-2
-2
-2
-2
-2
-2
-1
-1
-1
-1
-1
-1
-1
-1
-1
-1
-1
-1
-1
-1
-1
-1
-1
-1
-1
-1
-1
-1
-1
-1
-1
-1
-1
-1
-1
-1
-1
-1
-1
-1
-1
-1
-1
-1
-1
-1
-1
-1
-1
-1
-1
-1
-1
-1
-1
-1
-1
-1
-1
-1
-1
-1
-1
-1
-1
-1
-1
-1
-1
-1
-1
-1
-1
-1
-1
-1
-1
-1
-1
-1
-1
-1
-1
-1
-1
-1
-1
-1
-1
-1
-1
-1
-1
-1
-1
-1
-1
-1
-1
-1
-1
-1
-1
-1
-1
-1
-1
-1
-1
-1
-1
-1
-1
-1
-1
-1
-1
-1
-1
-1
-1
-1
-1
-1
-1
-1
-1
-1
-1
-1
-1
-1
-1
-1
-1
-1
-1
-1
-1
-1
-1
-1
-1
-1
-1
-1
-1
-1
-1
-1
-1
-1
-1
-1
-1
-1
-1
-1
-1
-1
-1
-1
-1
-1
-1
-1
-1
-1
-1
-1
-1
-1
-1
-1
-1
-1
-1
-1
-1
-1
-1
-1
-1
-1
-1
-1
-1
-1
-1
-1
-1
-1
-1
-1
-1
-1
-1
-1
-1
-1
-1
-1
-1
-1
-1
-1
-1
-1
-1
-1
-1
-1
-1
-1
-1
-1
-1
-1
-1
-1
-1
-1
-1
-1
-1
-1
-1
-1
-1
-1
-1
-1
-1
-1
-1
-1
-1
-1
-1
-1
-1
-1
-1
-1
-1
-1
-1
-1
-1
-1
-1
-1
-1
-1
-1
-1
-1
-1
-1
-1
-1
-1
-1
-1
-1
-1
-1
-1
-1
-1
-1
-1
-1
-1
-1
-1
-1
-1
-1
-1
-1
-1
-1
-1
-1
-1
-1
-1
-1
-1
-1
-1
-1
-1
-1
-1
-1
-1
-1
-1
-1
-1
-1
-1
-1
-1
-1
-1
-1
-1
-1
-1
-1
-1
-1
-1
-1
-1
-1
-1
-1
-1
-1
-1
-1
-1
-1
-1
-1
-1
-1
-1
-1
-1
-1
-1
-1
-1
-1
-1
-1
-1
-1
-1
-1
-1
-1
-1
-1
-1
-1
-1
-1
-1
-1
-1
-1
-1
-1
-1
-1
-1
-1
-1
-1
-1
-1
-1
-1
-1
-1
-1
-1
-1
-1
-1
-1
-1
-1
-1
-1
-1
-1
-1
-1
-1
-1
-1
-1
-1
-1
-1
-1
-1
-1
-1
-1
-1
-1
-1
-1
-1
-1
-1
-1
-1
-1
-1
-1
-1
-1
-1
-1
-1
-1
-1
-1
-1
-1
-1
-1
-1
-1
-1
-1
-1
-1
-1
-1
-1
-1
-1
-1
-1
-1
-1
-1
-1
-1
-1
-1
-1
-1
-1
-1
-1
-1
-1
-1
-1
-1
-1
-1
-1
-1
-1
-1
-1
-1
-1
-1
-1
-1
-1
-1
-1
-1
-1
-1
-1
-1
-1
-1
-1
-1
-1
-1
-1
-1
-1
-1
-1
-1
-1
-1
-1
-1
-1
-1
-1
-1
-1
-1
-1
-1
-1
-1
-1
-1
-1
-1
-1
-1
-1
-1
-1
-1
-1
-1
-1
-1
-1
-1
-1
-1
-1
-1
-1
-1
-1
-1
-1
-1
-1
-1
-1
-1
-1
-1
-1
-1
-1
-1
-1
-1
-1
-1
-1
-1
-1
-1
-1
-1
-1
-1
-1
-1
-1
-1
-1
-1
-1
-1
-1
-1
-1
-1
-1
-1
-1
-1
-1
-1
-1
-1
-1
-1
-1
-1
-1
-1
-1
-1
-1
-1
-1
-1
-1
-1
-1
-1
-1
-1
-1
-1
-1
-1
-1
-1
-1
-1
-1
-1
-1
-1
-1
-1
-1
-1
-1
-1
-1
-1
-1
-1
-1
-1
-1
-1
-1
-1
-1
-1
-1
-1
-1
-1
-1
-1
-1
-1
-1
-1
-1
-1
-1
-1
-1
-1
-1
-1
-1
-1
-1
-1
-1
-1
-1
-1
-1
-1
-1
-1
-1
-1
-1
-1
-1
-1
-1
-1
-1
-1
-1
-1
-1
-1
-1
-1
-1
-1
-1
-1
-1
-1
-1
-1
-1
-1
-1
-1
-1
-1
-1
-1
-1
-1
-1
-1
-1
-1
-1
-1
-1
-1
-1
-1
-1
-1
-1
-1
-1
-1
-1
-1
-1
-1
-1
-1
-1
-1
-1
-1
-1
-1
-1
-1
-1
-1
-1
-1
-1
-1
-1
-1
-1
-1
-1
-1
-1
-1
-1
-1
-1
-1
-1
-1
-1
-1
-1
-1
-1
-1
-1
-1
-1
-1
-1
-1
-1
-1
-1
-1
-1
-1
-1
-1
-1
-1
-1
-1
-1
-1
-1
-1
-1
-1
-1
-1
-1
-1
-1
-1
-1
-1
-1
-1
-1
-1
-1
-1
-1
-1
-1
-1
-1
-1
-1
-1
-1
-1
-1
-1
-1
-1
-1
-1
-1
-1
-1
-1
-1
-1
-1
-1
-1
-1
-1
-1
-1
-1
-1
-1
-1
-1
-1
-1
-1
-1
-1
-1
-1
-1
-1
-1
-1
-1
-1
-1
-1
-1
-1
-1
-1
-1
-1
-1
-1
-1
-1
-1
-1
-1
-1
-1
-1
-1
-1
-1
-1
-1
-1
-1
-1
-1
-1
-1
-1
-1
-1
-1
-1
-1
-1
-1
-1
-1
-1
-1
-1
-1
-1
-1
-1
-1
-1
-1
-1
-1
-1
-1
-1
-1
-1
-1
-1
-1
-1
-1
-1
-1
-1
-1
-1
-1
-1
-1
-1
-1
-1
-1
-1
-1
-1
-1
-1
-1
-1
-1
-1
-1
-1
-1
-1
-1
-1
-1
-1
-1
-1
-1
-1
-1
-1
-1
-1
-1
-1
-1
-1
-1
-1
-1
-1
-1
-1
-1
-1
-1
-1
-1
-1
-1
-1
-1
-1
-1
-1
-1
-1
-1
-1
-1
-1
-1
-1
-1
-1
-1
-1
-1
-1
-1
-1
-1
-1
-1
-1
-1
-1
-1
-1
-1
-1
-1
-1
-1
-1
-1
-1
-1
-1
-1
-1
-1
-1
-1
-1
-1
-1
-1
-1
-1
-1
-1
-1
-1
-1
-1
-1
-1
-1
-1
-1
-1
-1
-1
-1
-1
-1
-1
-1
-1
-1
-1
-1
-1
-1
-1
-1
-1
-1
-1
-1
-1
-1
-1
-1
-1
-1
-1
-1
-1
-1
-1
-1
-1
-1
-1
-1
-1
-1
-1
-1
-1
-1
-1
-1
-1
-1
-1
-1
-1
-1
-1
-1
-1
-1
-1
-1
-1
-1
-1
-1
-1
-1
-1
-1
-1
-1
-1
-1
-1
-1
-1
-1
-1
-1
-1
-1
-1
-1
-1
-1
-1
-1
-1
-1
-1
-1
-1
-1
-1
-1
-1
-1
-1
-1
-1
-1
-1
-1
-1
-1
-1
-1
-1
-1
-1
-1
-1
-1
-1
-1
-1
-1
-1
-1
-1
-1
-1
-1
-1
-1
-1
-1
-1
-1
-1
-1
-1
-1
-1
-1
-1
-1
-1
-1
-1
-1
-1
-1
-1
-1
-1
-1
-1
-1
-1
-1
-1
-1
-1
-1
-1
-1
-1
-1
-1
-1
-1
-1
-1
-1
-1
-1
-1
-1
-1
-1
-1
-1
-1
-1
-1
-1
-1
-1
-1
-1
-1
-1
-1
-1
-1
-1
-1
-1
-1
-1
-1
-1
-1
-1
-1
-1
-1
-1
-1
-1
-1
-1
-1
-1
-1
-1
-1
-1
-1
-1
-1
-1
-1
-1
-1
-1
-1
-1
-1
-1
-1
-1
-1
-1
-1
-1
-1
-1
-1
-1
-1
-1
-1
-1
-1
-1
-1
-1
-1
-1
-1
-1
-1
-1
-1
-1
-1
-1
-1
-1
-1
-1
-1
-1
-1
-1
-1
-1
-1
-1
-1
-1
-1
-1
-1
-1
-1
-1
-1
-1
-1
-1
-1
-1
-1
-1
-1
-1
-1
-1
-1
-1
-1
-1
-1
-1
-1
-1
-1
-1
-1
-1
-1
-1
-1
-1
-1
-1
-1
-1
-1
-1
-1
-1
-1
-1
-1
-1
-1
-1
-1
-1
-1
-1
-1
-1
-1
-1
-1
-1
-1
-1
-1
-1
-1
-1
-1
-1
-1
-1
-1
-1
-1
-1
-1
-1
-1
-1
-1
-1
-1
-1
-1
-1
-1
-1
-1
-1
-1
-1
-1
-1
-1
-1
-1
-1
-1
-1
-1
-1
-1
-1
-1
-1
-1
-1
-1
-1
-1
-1
-1
-1
-1
-1
-1
-1
-1
-1
-1
-1
-1
-1
-1
-1
-1
-1
-1
-1
-1
-1
-1
-1
-1
-1
-1
-1
-1
-1
-1
-1
-1
-1
-1
-1
-1
-1
-1
-1
-1
-1
-1
-1
-1
-1
-1
-1
-1
-1
-1
-1
-1
-1
-1
-1
-1
-1
-1
-1
-1
-1
-1
-1
-1
-1
-1
-1
-1
-1
-1
-1
-1
-1
-1
-1
-1
-1
-1
-1
-1
-1
-1
-1
-1
-1
-1
-1
-1
-1
-1
-1
-1
-1
-1
-1
-1
-1
-1
-1
-1
-1
-1
-1
-1
-1
-1
-1
-1
-1
-1
-1
-1
-1
-1
-1
-1
-1
-1
-1
-1
-1
-1
-1
-1
-1
-1
-1
-1
-1
-1
-1
-1
-1
-1
-1
-1
-1
-1
-1
-1
-1
-1
-1
-1
-1
-1
-1
-1
-1
-1
-1
-1
-1
-1
-1
-1
-1
-1
-1
-1
-1
-1
-1
-1
-1
-1
-1
-1
-1
-1
-1
-1
-1
-1
-1
-1
-1
-1
-1
-1
-1
-1
-1
-1
-1
-1
-1
-1
-1
-1
-1
-1
-1
-1
-1
-1
-1
-1
-1
-1
-1
-1
-1
-1
-1
-1
-1
-1
-1
-1
-1
-1
-1
-1
-1
-1
-1
-1
-1
-1
-1
-1
-1
-1
-1
-1
-1
-1
-1
-1
-1
-1
-1
-1
-1
-1
-1
-1
-1
-1
-1
-1
-1
-1
-1
-1
-1
-1
-1
-1
-1
-1
-1
-1
-1
-1
-1
-1
-1
-1
-1
-1
-1
-1
-1
-1
-1
-1
-1
-1
-1
-1
-1
-1
-1
-1
-1
-1
-1
-1
-1
-1
-1
-1
-1
-1
-1
-1
-1
-1
-1
-1
-1
-1
-1
-1
-1
-1
-1
-1
-1
-1
-1
-1
-1
-1
-1
-1
-1
-1
-1
-1
-1
-1
-1
-1
-1
-1
-1
-1
-1
-1
-1
-1
-1
-1
-1
-1
-1
-1
-1
-1
-1
-1
-1
-1
-1
-1
-1
-1
-1
-1
-1
-1
-1
-1
-1
-1
-1
-1
-1
-1
-1
-1
-1
-1
-1
-1
-1
-1
-1
-1
-1
-1
-1
-1
-1
-1
-1
-1
-1
-1
-1
-1
-1
-1
-1
-1
-1
-1
-1
-1
-1
-1
-1
-1
-1
-1
-1
-1
-1
-1
-1
-1
-1
-1
-1
-1
-1
-1
-1
-1
-1
-1
-1
-1
-1
-1
-1
-1
-1
-1
-1
-1
-1
-1
-1
-1
-1
-1
-1
-1
-1
-1
-1
-1
-1
-1
-1
-1
-1
-1
-1
-1
-1
-1
-1
-1
-1
-1
-1
-1
-1
-1
-1
-1
-1
-1
-1
-1
-1
-1
-1
-1
-1
-1
-1
-1
-1
-1
-1
-1
-1
-1
-1
-1
-1
-1
-1
-1
-1
-1
-1
-1
-1
-1
-1
-1
-1
-1
-1
-1
-1
-1
-1
-1
-1
-1
-1
-1
-1
-1
-1
-1
-1
-1
-1
-1
-1
-1
-1
-1
-1
-1
-1
-1
-1
-1
-1
-1
-1
-1
-1
-1
-1
-1
-1
-1
-1
-1
-1
-1
-1
-1
-1
-1
-1
-1
-1
-1
-1
-1
-1
-1
-1
-1
-1
-1
-1
-1
-1
-1
-1
-1
-1
-1
-1
-1
-1
-1
-1
-1
-1
-1
-1
-1
-1
-1
-1
-1
-1
-1
-1
-1
-1
-1
-1
-1
-1
-1
-1
-1
-1
-1
-1
-1
-1
-1
-1
-1
-1
-1
-1
-1
-1
-1
-1
-1
-1
-1
-1
-1
-1
-1
-1
-1
-1
-1
-1
-1
-1
-1
-1
-1
-1
-1
-1
-1
-1
-1
-1
-1
-1
-1
-1
-1
-1
-1
-1
-1
-1
-1
-1
-1
-1
-1
-1
-1
-1
-1
-1
-1
-1
-1
-1
-1
-1
-1
-1
-1
-1
-1
-1
-1
-1
-1
-1
-1
-1
-1
-1
-1
-1
-1
-1
-1
-1
-1
-1
-1
-1
-1
-1
-1
-1
-1
-1
-1
-1
-1
-1
-1
-1
-1
-1
-1
-1
-1
-1
-1
-1
-1
-1
-1
-1
-1
-1
-1
-1
-1
-1
-1
-1
-1
-1
-1
-1
-1
-1
-1
-1
-1
-1
-1
-1
-1
-1
-1
-1
-1
-1
-1
-1
-1
-1
-1
-1
-1
-1
-1
-1
-1
-1
-1
-1
-1
-1
-1
-1
-1
-1
-1
-1
-1
-1
-1
-1
-1
-1
-1
-1
-1
-1
-1
-1
-1
-1
-1
-1
-1
-1
-1
-1
-1
-1
-1
-1
-1
-1
-1
-1
-1
-1
-1
-1
-1
-1
-1
-1
-1
-1
-1
-1
-1
-1
-1
-1
-1
-1
-1
-1
-1
-1
-1
-1
-1
-1
-1
-1
-1
-1
-1
-1
-1
-1
-1
-1
-1
-1
-1
-1
-1
-1
-1
-1
-1
-1
-1
-1
-1
-1
-1
-1
-1
-1
-1
-1
-1
-1
-1
-1
-1
-1
-1
-1
-1
-1
-1
-1
-1
-1
-1
-1
-1
-1
-1
-1
-1
-1
-1
-1
-1
-1
-1
-1
-1
-1
-1
-1
-1
-1
-1
-1
-1
-1
-1
-1
-1
-1
-1
-1
-1
-1
-1
-1
-1
-1
-1
-1
-1
-1
-1
-1
-1
-1
-1
-1
-1
-1
-1
-1
-1
-1
-1
-1
-1
-1
-1
-1
-1
-1
-1
-1
-1
-1
-1
-1
-1
-1
-1
-1
-1
-1
-1
-1
-1
-1
-1
-1
-1
-1
-1
-1
-1
-1
-1
-1
-1
-1
-1
-1
-1
-1
-1
-1
-1
-1
-1
-1
-1
-1
-1
-1
-1
-1
-1
-1
-1
-1
-1
-1
-1
-1
-1
-1
-1
-1
-1
-1
-1
-1
-1
-1
-1
-1
-1
-1
-1
-1
-1
-1
-1
-1
-1
-1
-1
-1
-1
-1
-1
-1
-1
-1
-1
-1
-1
-1
-1
-1
-1
-1
-1
-1
-1
-1
-1
-1
-1
-1
-1
-1
-1
-1
-1
-1
-1
-1
-1
-1
-1
-1
-1
-1
-1
-1
-1
-1
-1
-1
-1
-1
-1
-1
-1
-1
-1
-1
-1
-1
-1
-1
-1
-1
-1
-1
-1
-1
-1
-1
-1
-1
-1
-1
-1
-1
-1
-1
-1
-1
-1
-1
-1
-1
-1
-1
-1
-1
-1
-1
-1
-1
-1
-1
-1
-1
-1
-1
-1
-1
-1
-1
-1
-1
-1
-1
-1
-1
-1
-1
-1
-1
-1
-1
-1
-1
-1
-1
-1
-1
-1
-1
-1
-1
-1
-1
-1
-1
-1
-1
-1
-1
-1
-1
-1
-1
-1
-1
-1
-1
-1
-1
-1
-1
-1
-1
-1
-1
-1
-1
-1
-1
-1
-1
-1
-1
-1
-1
-1
-1
-1
-1
-1
-1
-1
-1
-1
-1
-1
-1
-1
-1
-1
-1
-1
-1
-1
-1
-1
-1
-1
-1
-1
-1
-1
-1
-1
-1
-1
-1
-1
-1
-1
-1
-1
-1
-1
-1
-1
-1
-1
-1
-1
-1
-1
-1
-1
-1
-1
-1
-1
-1
-1
-1
-1
-1
-1
-1
-1
-1
-1
-1
-1
-1
-1
-1
-1
-1
-1
-1
-1
-1
-1
-1
-1
-1
-1
-1
-1
-1
-1
-1
-1
-1
-1
-1
-1
-1
-1
-1
-1
-1
-1
-1
-1
-1
-1
-1
-1
-1
-1
-1
-1
-1
-1
-1
-1
-1
-1
-1
-1
-1
-1
-1
-1
-1
-1
-1
-1
-1
-1
-1
-1
-1
-1
-1
-1
-1
-1
-1
-1
-1
-1
-1
-1
-1
-1
-1
-1
-1
-1
-1
-1
-1
-1
-1
-1
-1
-1
-1
-1
-1
-1
-1
-1
-1
-1
-1
-1
-1
-1
-1
-1
-1
-1
-1
-1
-1
-1
-1
-1
-1
-1
-1
-1
-1
-1
-1
-1
-1
-1
-1
-1
-1
-1
-1
-1
-1
-1
-1
-1
-1
-1
-1
-1
-1
-1
-1
-1
-1
-1
-1
-1
-1
-1
-1
-1
-1
-1
-1
-1
-1
-1
-1
-1
-1
-1
-1
-1
-1
-1
-1
-1
-1
-1
-1
-1
-1
-1
-1
-1
-1
-1
-1
-1
-1
-1
-1
-1
-1
-1
-1
-1
-1
-1
-1
-1
-1
-1
-1
-1
-1
-1
-1
-1
-1
-1
-1
-1
-1
-1
-1
-1
-1
-1
-1
-1
-1
-1
-1
-1
-1
-1
-1
-1
-1
-1
-1
-1
-1
-1
-1
-1
-1
-1
-1
-1
-1
-1
-1
-1
-1
-1
-1
-1
-1
-1
-1
-1
-1
-1
-1
-1
-1
-1
-1
-1
-1
-1
-1
-1
-1
-1
-1
-1
-1
-1
-1
-1
-1
-1
-1
-1
-1
-1
-1
-1
-1
-1
-1
-1
-1
-1
-1
-1
-1
-1
-1
-1
-1
-1
-1
-1
-1
-1
-1
-1
-1
-1
-1
-1
-1
-1
-1
-1
-1
-1
-1
-1
-1
-1
-1
-1
-1
-1
-1
-1
-1
-1
-1
-1
-1
-1
-1
-1
-1
-1
-1
-1
-1
-1
-1
-1
-1
-1
-1
-1
-1
-1
-1
-1
-1
-1
-1
-1
-1
-1
-1
-1
-1
-1
-1
-1
-1
-1
-1
-1
-1
-1
-1
-1
-1
-1
-1
-1
-1
-1
-1
-1
-1
-1
-1
-1
-1
-1
-1
-1
-1
-1
-1
-1
-1
-1
-1
-1
-1
-1
-1
-1
-1
-1
-1
-1
-1
-1
-1
-1
-1
-1
-1
-1
-1
-1
-1
-1
-1
-1
-1
-1
-1
-1
-1
-1
-1
-1
-1
-1
-1
-1
-1
-1
-1
-1
-1
-1
-1
-1
-1
-1
-1
-1
-1
-1
-1
-1
-1
-1
-1
-1
-1
-1
-1
-1
-1
-1
-1
-1
-1
-1
-1
-1
-1
-1
-1
-1
-1
-1
-1
-1
-1
-1
-1
-1
-1
-1
-1
-1
-1
-1
-1
-1
-1
-1
-1
-1
-1
-1
-1
-1
-1
-1
-1
-1
-1
-1
-1
-1
-1
-1
-1
-1
-1
-1
-1
-1
-1
-1
-1
-1
-1
-1
-1
-1
-1
-1
-1
-1
-1
-1
-1
-1
-1
-1
-1
-1
-1
-1
-1
-1
-1
-1
-1
-1
-1
-1
-1
-1
-1
-1
-1
-1
-1
-1
-1
-1
-1
-1
-1
-1
-1
-1
-1
-1
-1
-1
-1
-1
-1
-1
-1
-1
-1
-1
-1
-1
-1
-1
-1
-1
-1
-1
-1
-1
-1
-1
-1
-1
-1
-1
-1
-1
-1
-1
-1
-1
-1
-1
-1
-1
-1
-1
-1
-1
-1
-1
-1
-1
-1
-1
-1
-1
-1
-1
-1
-1
-1
-1
-1
-1
-1
-1
-1
-1
-1
-1
-1
-1
-1
-1
-1
-1
-1
-1
-1
-1
-1
-1
-1
-1
-1
-1
-1
-1
-1
-1
-1
-1
-1
-1
-1
-1
-1
-1
-1
-1
-1
-1
-1
-1
-1
-1
-1
-1
-1
-1
-1
-1
-1
-1
-1
-1
-1
-1
-1
-1
-1
-1
-1
-1
-1
-1
-1
-1
-1
-1
-1
-1
-1
-1
-1
-1
-1
-1
-1
-1
-1
-1
-1
-1
-1
-1
-1
-1
-1
-1
-1
-1
-1
-1
-1
-1
-1
-1
-1
-1
-1
-1
-1
-1
-1
-1
-1
-1
-1
-1
-1
-1
-1
-1
-1
-1
-1
-1
-1
-1
-1
-1
-1
-1
-1
-1
-1
-1
-1
-1
-1
-1
-1
-1
-1
-1
-1
-1
-1
-1
-1
-1
-1
-1
-1
-1
-1
-1
-1
-1
-1
-1
-1
-1
-1
-1
-1
-1
-1
-1
-1
-1
-1
-1
-1
-1
-1
-1
-1
-1
-1
-1
-1
-1
-1
-1
-1
-1
-1
-1
-1
-1
-1
-1
-1
-1
-1
-1
-1
-1
-1
-1
-1
-1
-1
-1
-1
-1
-1
-1
-1
-1
-1
-1
-1
-1
-1
-1
-1
-1
-1
-1
-1
-1
-1
-1
-1
-1
-1
-1
-1
-1
-1
-1
-1
-1
-1
-1
-1
