-6286370
-6260503
-6223909
-6187530
-6145356
-6109436
-6073726
-6032328
-5997068
-5962015
-5921378
-5886767
-5846643
-5812469
-5778495
-5744719
-5705563
-5672214
-5633552
-5600624
-5567888
-5529937
-5497614
-5465480
-5428228
-5396499
-5359717
-5328389
-5297244
-5261138
-5230387
-5199815
-5164373
-5134187
-5104177
-5074343
-5039756
-5010298
-4976148
-4947062
-4913343
-4884625
-4856073
-4822975
-4794784
-4766758
-4734268
-4706596
-4679086
-4647193
-4620030
-4588540
-4561720
-4535056
-4504145
-4477818
-4451645
-4421303
-4395460
-4369768
-4339984
-4314616
-4289397
-4260161
-4235260
-4210504
-4181806
-4157363
-4129026
-4104892
-4080898
-4053083
-4029393
-4005840
-3978537
-3955282
-3932163
-3905362
-3882534
-3856071
-3833532
-3811125
-3785148
-3763024
-3741029
-3719162
-3693812
-3672222
-3647192
-3625874
-3604680
-3580111
-3559185
-3538381
-3514264
-3493723
-3473302
-3449628
-3429464
-3406089
-3386181
-3366388
-3343443
-3323900
-3304472
-3281949
-3262765
-3243694
-3221585
-3202755
-3184035
-3162332
-3143848
-3125472
-3104169
-3086025
-3067987
-3047076
-3029265
-3008618
-2991032
-2973549
-2953282
-2936020
-2918858
-2898964
-2882019
-2865173
-2845644
-2829011
-2809729
-2793306
-2776979
-2760747
-2741930
-2725903
-2707324
-2691499
-2675767
-2657529
-2641996
-2626553
-2608651
-2593403
-2578244
-2560671
-2545704
-2530824
-2513574
-2498882
-2481850
-2467343
-2452921
-2436202
-2421962
-2407806
-2391394
-2377416
-2363520
-2347410
-2333690
-2317783
-2304236
-2290767
-2277378
-2261855
-2248634
-2233308
-2220254
-2207276
-2192232
-2179418
-2166679
-2151911
-2139333
-2126828
-2112332
-2099985
-2087711
-2073481
-2061361
-2047311
-2035344
-2023448
-2009656
-1997909
-1986231
-1972693
-1961163
-1947796
-1936411
-1925092
-1911971
-1900795
-1889685
-1876805
-1865835
-1853117
-1842286
-1829729
-1819034
-1808401
-1796075
-1785577
-1775140
-1763041
-1752736
-1740789
-1730614
-1720499
-1708772
-1698784
-1688855
-1677343
-1667539
-1657792
-1646493
-1636869
-1627301
-1616210
-1606763
-1597371
-1586484
-1577210
-1567992
-1557304
-1548202
-1537649
-1528661
-1519726
-1509368
-1500546
-1491775
-1481607
-1472947
-1464337
-1454356
-1445856
-1436001
-1427607
-1419263
-1409589
-1401350
-1393159
-1383663
-1375576
-1367535
-1358214
-1350275
-1341072
-1333233
-1325440
-1316406
-1308712
-1301062
-1292194
-1284641
-1277132
-1268428
-1261014
-1252419
-1245098
-1237820
-1229383
-1222198
-1215054
-1207952
-1199718
-1192706
-1184576
-1177652
-1170769
-1162789
-1155992
-1149236
-1141402
-1134731
-1128098
-1120409
-1113860
-1106268
-1099802
-1093374
-1085921
-1079574
-1073264
-1065949
-1059718
-1053524
-1046343
-1040227
-1034147
-1027098
-1021095
-1015126
-1008207
-1002314
-995483
-989664
-983879
-977173
-971461
-965783
-959200
-953594
-948020
-941558
-936055
-929675
-924241
-918838
-912576
-907242
-901939
-895791
-890555
-885350
-879315
-874176
-868217
-863143
-858097
-853082
-847267
-842315
-837391
-831684
-826823
-821187
-816387
-810823
-806083
-801372
-796688
-791257
-786632
-782035
-776704
-772164
-766901
-762419
-757962
-752796
-748396
-744021
-739673
-734631
-730337
-725359
-721119
-716204
-712018
-707856
-703719
-698922
-694837
-690101
-686067
-682057
-677408
-673449
-668859
-664949
-661062
-656557
-652719
-648904
-644481
-640714
-636969
-632627
-628930
-625253
-620992
-617362
-613154
-609570
-606007
-601877
-598359
-594280
-590807
-587353
-583350
-579940
-576550
-572621
-569274
-565394
-562089
-558803
-554995
-551751
-547990
-544787
-541602
-537911
-534767
-531641
-528017
-524931
-521353
-518306
-515276
-512264
-508773
-505799
-502352
-499415
-496496
-493112
-490230
-487364
-484043
-481213
-478401
-475140
-472363
-469602
-466401
-463675
-460514
-457823
-455147
-452044
-449402
-446775
-443730
-441136
-438558
-435569
-433023
-430492
-427558
-425058
-422574
-419694
-417241
-414397
-411975
-409566
-406775
-404397
-402034
-399293
-396959
-394639
-391949
-389658
-387381
-384740
-382492
-379885
-377664
-375457
-372897
-370718
-368551
-366039
-363899
-361419
-359307
-357206
-354772
-352698
-350637
-348247
-346211
-344187
-341841
-339843
-337857
-335554
-333593
-331643
-329383
-327457
-325543
-323324
-321434
-319244
-317378
-315523
-313372
-311540
-309719
-307608
-305810
-304023
-301951
-300186
-298140
-296397
-294664
-292942
-290945
-289245
-287554
-285594
-283925
-281990
-280341
-278703
-276803
-275185
-273577
-271712
-270124
-268283
-266715
-265156
-263348
-261809
-260279
-258505
-256994
-255492
-253750
-252267
-250793
-249083
-247627
-246180
-244502
-243073
-241652
-240005
-238602
-236976
-235591
-233985
-232617
-231258
-229906
-228339
-227004
-225457
-224139
-222829
-221310
-220017
-218731
-217240
-215970
-214708
-213244
-211998
-210759
-209322
-208099
-206680
-205472
-204271
-203077
-201693
-200514
-199147
-197983
-196826
-195485
-194342
-193017
-191889
-190768
-189652
-188360
-187259
-185983
-184895
-183815
-182562
-181495
-180434
-179204
-178157
-177115
-175908
-174880
-173858
-172673
-171663
-170493
-169497
-168506
-167358
-166379
-165407
-164279
-163319
-162206
-161258
-160315
-159223
-158292
-157367
-156294
-155381
-154322
-153420
-152523
-151483
-150598
-149718
-148697
-147828
-146964
-145962
-145109
-144120
-143278
-142301
-141469
-140642
-139684
-138867
-138056
-137115
-136313
-135516
-134593
-133806
-132894
-132117
-131345
-130450
-129687
-128929
-128051
-127302
-126558
-125695
-124961
-124230
-123383
-122662
-121945
-121114
-120406
-119586
-118887
-118192
-117386
-116700
-116018
-115227
-114554
-113884
-113108
-112447
-111680
-111027
-110378
-109626
-108985
-108348
-107610
-106981
-106356
-105631
-105013
-104297
-103688
-103082
-102379
-101781
-101186
-100496
-99909
-99325
-98648
-98071
-97498
-96833
-96267
-95705
-95052
-94497
-93945
-93304
-92759
-92127
-91588
-91053
-90432
-89904
-89378
-88769
-88250
-87734
-87136
-86627
-86036
-85534
-85034
-84537
-83960
-83470
-82901
-82416
-81934
-81376
-80900
-80428
-79879
-79412
-78948
-78410
-77952
-77496
-76968
-76518
-75997
-75552
-75111
-74599
-74163
-73729
-73227
-72799
-72373
-71880
-71460
-71042
-70558
-70145
-69735
-69260
-68855
-68386
-67986
-67589
-67128
-66736
-66346
-65894
-65508
-65126
-64682
-64304
-63928
-63492
-63121
-62691
-62324
-61960
-61598
-61178
-60820
-60406
-60053
-59702
-59295
-58948
-58604
-58204
-57864
-57470
-57134
-56800
-56413
-56083
-55755
-55375
-55051
-54730
-54357
-54039
-53671
-53357
-53045
-52683
-52376
-52069
-51714
-51412
-51112
-50763
-50467
-50172
-49830
-49538
-49201
-48913
-48627
-48343
-48014
-47733
-47408
-47130
-46855
-46536
-46264
-45948
-45680
-45413
-45147
-44840
-44577
-44274
-44015
-43715
-43459
-43205
-42911
-42660
-42411
-42122
-41875
-41631
-41347
-41105
-40825
-40586
-40349
-40074
-39840
-39607
-39337
-39107
-38841
-38614
-38388
-38126
-37903
-37682
-37425
-37206
-36953
-36737
-36522
-36273
-36061
-35850
-35606
-35398
-35191
-34951
-34747
-34510
-34308
-34108
-33875
-33677
-33480
-33252
-33058
-32865
-32641
-32450
-32229
-32040
-31853
-31636
-31451
-31267
-31054
-30873
-30692
-30483
-30305
-30098
-29922
-29747
-29545
-29372
-29200
-29001
-28832
-28663
-28468
-28301
-28136
-27944
-27781
-27619
-27430
-27270
-27084
-26926
-26768
-26586
-26431
-26276
-26097
-25944
-25793
-25617
-25467
-25318
-25146
-24999
-24828
-24683
-24539
-24396
-24229
-24088
-23924
-23784
-23645
-23484
-23346
-23210
-23052
-22917
-22783
-22628
-22495
-22342
-22212
-22082
-21931
-21803
-21676
-21528
-21402
-21277
-21132
-21008
-20865
-20743
-20622
-20481
-20362
-20243
-20105
-19987
-19870
-19735
-19620
-19486
-19372
-19259
-19146
-19016
-18905
-18776
-18666
-18557
-18430
-18323
-18216
-18091
-17986
-17881
-17759
-17655
-17552
-17432
-17330
-17212
-17111
-17011
-16895
-16797
-16699
-16585
-16488
-16391
-16280
-16185
-16074
-15980
-15887
-15794
-15686
-15595
-15488
-15398
-15308
-15204
-15115
-15026
-14924
-14837
-14750
-14649
-14564
-14465
-14380
-14296
-14199
-14116
-14033
-13951
-13856
-13775
-13681
-13601
-13522
-13429
-13351
-13260
-13182
-13105
-13029
-12940
-12864
-12777
-12702
-12628
-12542
-12468
-12396
-12311
-12239
-12168
-12085
-12014
-11944
-11862
-11793
-11713
-11644
-11576
-11508
-11430
-11363
-11286
-11220
-11154
-11078
-11013
-10949
-10874
-10811
-10737
-10674
-10612
-10540
-10478
-10407
-10346
-10285
-10225
-10156
-10096
-10027
-9969
-9911
-9843
-9786
-9719
-9662
-9606
-9549
-9484
-9429
-9365
-9310
-9246
-9192
-9139
-9076
-9023
-8971
-8909
-8857
-8797
-8746
-8694
-8635
-8585
-8535
-8476
-8427
-8369
-8321
-8272
-8216
-8167
-8120
-8064
-8017
-7970
-7916
-7870
-7816
-7771
-7725
-7672
-7628
-7583
-7531
-7487
-7444
-7393
-7350
-7307
-7257
-7214
-7165
-7123
-7082
-7040
-6992
-6952
-6904
-6864
-6824
-6777
-6738
-6698
-6653
-6614
-6575
-6530
-6492
-6454
-6410
-6373
-6329
-6292
-6255
-6213
-6176
-6140
-6099
-6063
-6027
-5986
-5951
-5911
-5876
-5842
-5808
-5768
-5734
-5695
-5662
-5629
-5591
-5558
-5526
-5488
-5456
-5424
-5387
-5355
-5319
-5288
-5257
-5221
-5191
-5160
-5130
-5095
-5065
-5031
-5001
-4967
-4938
-4909
-4876
-4848
-4819
-4786
-4758
-4731
-4698
-4671
-4639
-4612
-4585
-4558
-4527
-4501
-4470
-4444
-4418
-4388
-4362
-4337
-4307
-4282
-4257
-4228
-4203
-4174
-4150
-4126
-4098
-4074
-4050
-4022
-3999
-3975
-3948
-3925
-3902
-3876
-3853
-3827
-3805
-3782
-3760
-3735
-3713
-3687
-3666
-3641
-3620
-3598
-3574
-3553
-3532
-3508
-3488
-3467
-3444
-3424
-3400
-3380
-3361
-3341
-3318
-3299
-3280
-3257
-3238
-3216
-3197
-3179
-3157
-3138
-3120
-3099
-3081
-3063
-3042
-3024
-3003
-2986
-2968
-2948
-2931
-2914
-2894
-2877
-2860
-2841
-2824
-2805
-2789
-2772
-2756
-2737
-2721
-2703
-2687
-2671
-2653
-2638
-2622
-2604
-2589
-2574
-2556
-2541
-2524
-2509
-2492
-2478
-2463
-2449
-2432
-2418
-2401
-2387
-2373
-2357
-2344
-2328
-2314
-2300
-2285
-2271
-2256
-2243
-2230
-2214
-2202
-2189
-2174
-2161
-2148
-2134
-2121
-2107
-2095
-2082
-2068
-2056
-2044
-2030
-2018
-2006
-1993
-1981
-1968
-1956
-1945
-1931
-1920
-1909
-1896
-1885
-1874
-1861
-1850
-1838
-1827
-1816
-1804
-1793
-1783
-1771
-1760
-1750
-1738
-1728
-1718
-1706
-1696
-1686
-1675
-1665
-1654
-1644
-1634
-1623
-1614
-1604
-1593
-1584
-1575
-1564
-1555
-1544
-1535
-1526
-1516
-1507
-1498
-1488
-1479
-1471
-1461
-1452
-1444
-1434
-1425
-1417
-1407
-1399
-1391
-1382
-1374
-1364
-1356
-1348
-1339
-1331
-1323
-1314
-1307
-1298
-1290
-1283
-1274
-1267
-1259
-1251
-1243
-1236
-1228
-1220
-1213
-1205
-1198
-1190
-1183
-1176
-1169
-1161
-1154
-1146
-1140
-1133
-1125
-1119
-1111
-1105
-1098
-1092
-1084
-1078
-1072
-1064
-1058
-1051
-1045
-1039
-1032
-1026
-1020
-1013
-1007
-1001
-994
-988
-982
-976
-970
-964
-958
-952
-946
-940
-935
-928
-923
-918
-911
-906
-901
-895
-889
-883
-878
-873
-867
-862
-857
-851
-846
-841
-836
-831
-825
-820
-815
-810
-805
-800
-795
-790
-786
-780
-776
-770
-766
-761
-756
-752
-747
-742
-738
-734
-729
-725
-720
-715
-711
-707
-702
-698
-693
-689
-685
-681
-677
-673
-668
-664
-660
-656
-652
-648
-644
-640
-636
-632
-628
-624
-620
-616
-613
-609
-605
-601
-597
-594
-590
-586
-583
-579
-575
-572
-568
-565
-562
-558
-554
-551
-547
-544
-541
-537
-534
-531
-528
-524
-521
-518
-515
-511
-508
-505
-502
-499
-496
-493
-490
-486
-484
-481
-478
-475
-472
-469
-466
-463
-460
-457
-455
-452
-449
-446
-443
-440
-438
-435
-433
-430
-427
-425
-422
-419
-417
-414
-412
-409
-407
-404
-402
-399
-397
-394
-392
-389
-387
-385
-382
-380
-377
-375
-373
-371
-368
-366
-363
-361
-359
-357
-355
-353
-350
-348
-346
-344
-342
-340
-337
-335
-333
-331
-329
-327
-325
-323
-321
-319
-317
-315
-313
-311
-309
-308
-306
-304
-302
-300
-298
-296
-295
-293
-291
-289
-287
-286
-284
-282
-280
-278
-277
-275
-273
-272
-270
-268
-267
-265
-263
-262
-260
-259
-257
-255
-254
-252
-251
-249
-248
-246
-245
-243
-241
-240
-238
-237
-236
-234
-233
-231
-230
-228
-227
-226
-224
-223
-221
-220
-219
-217
-216
-215
-213
-212
-211
-209
-208
-207
-206
-204
-203
-202
-200
-199
-198
-197
-196
-194
-193
-192
-191
-190
-189
-187
-186
-185
-184
-183
-182
-180
-179
-178
-177
-176
-175
-174
-173
-172
-171
-170
-169
-168
-167
-165
-164
-164
-162
-161
-161
-159
-158
-158
-157
-156
-155
-154
-153
-152
-151
-150
-149
-148
-147
-146
-145
-144
-144
-143
-142
-141
-140
-139
-138
-137
-137
-136
-135
-134
-133
-132
-132
-131
-130
-129
-128
-128
-127
-126
-125
-124
-124
-123
-122
-121
-121
-120
-119
-118
-118
-117
-116
-116
-115
-114
-113
-113
-112
-111
-111
-110
-109
-109
-108
-107
-107
-106
-105
-105
-104
-103
-103
-102
-101
-101
-100
-100
-99
-98
-98
-97
-97
-96
-95
-95
-94
-94
-93
-92
-92
-91
-91
-90
-90
-89
-89
-88
-87
-87
-86
-86
-85
-85
-84
-84
-83
-83
-82
-82
-81
-81
-80
-80
-79
-79
-78
-78
-77
-77
-76
-76
-75
-75
-75
-74
-74
-73
-73
-72
-72
-71
-71
-71
-70
-70
-69
-69
-68
-68
-68
-67
-67
-66
-66
-66
-65
-65
-64
-64
-64
-63
-63
-62
-62
-62
-61
-61
-60
-60
-60
-59
-59
-59
-58
-58
-58
-57
-57
-56
-56
-56
-55
-55
-55
-54
-54
-54
-53
-53
-53
-52
-52
-52
-52
-51
-51
-51
-50
-50
-50
-49
-49
-49
-48
-48
-48
-48
-47
-47
-47
-46
-46
-46
-46
-45
-45
-45
-44
-44
-44
-44
-43
-43
-43
-43
-42
-42
-42
-42
-41
-41
-41
-41
-40
-40
-40
-40
-39
-39
-39
-39
-38
-38
-38
-38
-37
-37
-37
-37
-37
-36
-36
-36
-36
-35
-35
-35
-35
-35
-34
-34
-34
-34
-34
-33
-33
-33
-33
-33
-32
-32
-32
-32
-32
-31
-31
-31
-31
-31
-30
-30
-30
-30
-30
-30
-29
-29
-29
-29
-29
-28
-28
-28
-28
-28
-28
-27
-27
-27
-27
-27
-27
-26
-26
-26
-26
-26
-26
-25
-25
-25
-25
-25
-25
-25
-24
-24
-24
-24
-24
-24
-24
-23
-23
-23
-23
-23
-23
-23
-22
-22
-22
-22
-22
-22
-22
-21
-21
-21
-21
-21
-21
-21
-21
-20
-20
-20
-20
-20
-20
-20
-20
-19
-19
-19
-19
-19
-19
-19
-19
-19
-18
-18
-18
-18
-18
-18
-18
-18
-18
-17
-17
-17
-17
-17
-17
-17
-17
-17
-17
-16
-16
-16
-16
-16
-16
-16
-16
-16
-16
-15
-15
-15
-15
-15
-15
-15
-15
-15
-15
-15
-15
-14
-14
-14
-14
-14
-14
-14
-14
-14
-14
-14
-14
-13
-13
-13
-13
-13
-13
-13
-13
-13
-13
-13
-13
-12
-12
-12
-12
-12
-12
-12
-12
-12
-12
-12
-12
-12
-12
-12
-11
-11
-11
-11
-11
-11
-11
-11
-11
-11
-11
-11
-11
-11
-11
-10
-10
-10
-10
-10
-10
-10
-10
-10
-10
-10
-10
-10
-10
-10
-10
-10
-9
-9
-9
-9
-9
-9
-9
-9
-9
-9
-9
-9
-9
-9
-9
-9
-9
-9
-9
-8
-8
-8
-8
-8
-8
-8
-8
-8
-8
-8
-8
-8
-8
-8
-8
-8
-8
-8
-8
-8
-7
-7
-7
-7
-7
-7
-7
-7
-7
-7
-7
-7
-7
-7
-7
-7
-7
-7
-7
-7
-7
-7
-7
-7
-7
-6
-6
-6
-6
-6
-6
-6
-6
-6
-6
-6
-6
-6
-6
-6
-6
-6
-6
-6
-6
-6
-6
-6
-6
-6
-6
-6
-6
-6
-5
-5
-5
-5
-5
-5
-5
-5
-5
-5
-5
-5
-5
-5
-5
-5
-5
-5
-5
-5
-5
-5
-5
-5
-5
-5
-5
-5
-5
-5
-5
-5
-5
-5
-5
-5
-4
-4
-4
-4
-4
-4
-4
-4
-4
-4
-4
-4
-4
-4
-4
-4
-4
-4
-4
-4
-4
-4
-4
-4
-4
-4
-4
-4
-4
-4
-4
-4
-4
-4
-4
-4
-4
-4
-4
-4
-4
-4
-4
-4
-4
-4
-4
-3
-3
-3
-3
-3
-3
-3
-3
-3
-3
-3
-3
-3
-3
-3
-3
-3
-3
-3
-3
-3
-3
-3
-3
-3
-3
-3
-3
-3
-3
-3
-3
-3
-3
-3
-3
-3
-3
-3
-3
-3
-3
-3
-3
-3
-3
-3
-3
-3
-3
-3
-3
-3
-3
-3
-3
-3
-3
-3
-3
-3
-3
-3
-3
-3
-2
-2
-2
-2
-2
-2
-2
-2
-2
-2
-2
-2
-2
-2
-2
-2
-2
-2
-2
-2
-2
-2
-2
-2
-2
-2
-2
-2
-2
-2
-2
-2
-2
-2
-2
-2
-2
-2
-2
-2
-2
-2
-2
-2
-2
-2
-2
-2
-2
-2
-2
-2
-2
-2
-2
-2
-2
-2
-2
-2
-2
-2
-2
-2
-2
-2
-2
-2
-2
-2
-2
-2
-2
-2
-2
-2
-2
-2
-2
-2
-2
-2
-2
-2
-2
-2
-2
-2
-2
-2
-2
-2
-2
-2
-2
-2
-2
-2
-2
-2
-2
-2
-2
-2
-2
-2
-2
-2
-2
-2
-2
-1
-1
-1
-1
-1
-1
-1
-1
-1
-1
-1
-1
-1
-1
-1
-1
-1
-1
-1
-1
-1
-1
-1
-1
-1
-1
-1
-1
-1
-1
-1
-1
-1
-1
-1
-1
-1
-1
-1
-1
-1
-1
-1
-1
-1
-1
-1
-1
-1
-1
-1
-1
-1
-1
-1
-1
-1
-1
-1
-1
-1
-1
-1
-1
-1
-1
-1
-1
-1
-1
-1
-1
-1
-1
-1
-1
-1
-1
-1
-1
-1
-1
-1
-1
-1
-1
-1
-1
-1
-1
-1
-1
-1
-1
-1
-1
-1
-1
-1
-1
-1
-1
-1
-1
-1
-1
-1
-1
-1
-1
-1
-1
-1
-1
-1
-1
-1
-1
-1
-1
-1
-1
-1
-1
-1
-1
-1
-1
-1
-1
-1
-1
-1
-1
-1
-1
-1
-1
-1
-1
-1
-1
-1
-1
-1
-1
-1
-1
-1
-1
-1
-1
-1
-1
-1
-1
-1
-1
-1
-1
-1
-1
-1
-1
-1
-1
-1
-1
-1
-1
-1
-1
-1
-1
-1
-1
-1
-1
-1
-1
-1
-1
-1
-1
-1
-1
-1
-1
-1
-1
-1
-1
-1
-1
-1
-1
-1
-1
-1
-1
-1
-1
-1
-1
-1
-1
-1
-1
-1
-1
-1
-1
-1
-1
-1
-1
-1
-1
-1
-1
-1
-1
-1
-1
-1
-1
-1
-1
-1
-1
-1
-1
-1
-1
-1
-1
-1
-1
-1
-1
-1
-1
-1
-1
-1
-1
-1
-1
-1
-1
-1
-1
-1
-1
-1
-1
-1
-1
-1
-1
-1
-1
-1
-1
-1
-1
-1
-1
-1
-1
-1
-1
-1
-1
-1
-1
-1
-1
-1
-1
-1
-1
-1
-1
-1
-1
-1
-1
-1
-1
-1
-1
-1
-1
-1
-1
-1
-1
-1
-1
-1
-1
-1
-1
-1
-1
-1
-1
-1
-1
-1
-1
-1
-1
-1
-1
-1
-1
-1
-1
-1
-1
-1
-1
-1
-1
-1
-1
-1
-1
-1
-1
-1
-1
-1
-1
-1
-1
-1
-1
-1
-1
-1
-1
-1
-1
-1
-1
-1
-1
-1
-1
-1
-1
-1
-1
-1
-1
-1
-1
-1
-1
-1
-1
-1
-1
-1
-1
-1
-1
-1
-1
-1
-1
-1
-1
-1
-1
-1
-1
-1
-1
-1
-1
-1
-1
-1
-1
-1
-1
-1
-1
-1
-1
-1
-1
-1
-1
-1
-1
-1
-1
-1
-1
-1
-1
-1
-1
-1
-1
-1
-1
-1
-1
-1
-1
-1
-1
-1
-1
-1
-1
-1
-1
-1
-1
-1
-1
-1
-1
-1
-1
-1
-1
-1
-1
-1
-1
-1
-1
-1
-1
-1
-1
-1
-1
-1
-1
-1
-1
-1
-1
-1
-1
-1
-1
-1
-1
-1
-1
-1
-1
-1
-1
-1
-1
-1
-1
-1
-1
-1
-1
-1
-1
-1
-1
-1
-1
-1
-1
-1
-1
-1
-1
-1
-1
-1
-1
-1
-1
-1
-1
-1
-1
-1
-1
-1
-1
-1
-1
-1
-1
-1
-1
-1
-1
-1
-1
-1
-1
-1
-1
-1
-1
-1
-1
-1
-1
-1
-1
-1
-1
-1
-1
-1
-1
-1
-1
-1
-1
-1
-1
-1
-1
-1
-1
-1
-1
-1
-1
-1
-1
-1
-1
-1
-1
-1
-1
-1
-1
-1
-1
-1
-1
-1
-1
-1
-1
-1
-1
-1
-1
-1
-1
-1
-1
-1
-1
-1
-1
-1
-1
-1
-1
-1
-1
-1
-1
-1
-1
-1
-1
-1
-1
-1
-1
-1
-1
-1
-1
-1
-1
-1
-1
-1
-1
-1
-1
-1
-1
-1
-1
-1
-1
-1
-1
-1
-1
-1
-1
-1
-1
-1
-1
-1
-1
-1
-1
-1
-1
-1
-1
-1
-1
-1
-1
-1
-1
-1
-1
-1
-1
-1
-1
-1
-1
-1
-1
-1
-1
-1
-1
-1
-1
-1
-1
-1
-1
-1
-1
-1
-1
-1
-1
-1
-1
-1
-1
-1
-1
-1
-1
-1
-1
-1
-1
-1
-1
-1
-1
-1
-1
-1
-1
-1
-1
-1
-1
-1
-1
-1
-1
-1
-1
-1
-1
-1
-1
-1
-1
-1
-1
-1
-1
-1
-1
-1
-1
-1
-1
-1
-1
-1
-1
-1
-1
-1
-1
-1
-1
-1
-1
-1
-1
-1
-1
-1
-1
-1
-1
-1
-1
-1
-1
-1
-1
-1
-1
-1
-1
-1
-1
-1
-1
-1
-1
-1
-1
-1
-1
-1
-1
-1
-1
-1
-1
-1
-1
-1
-1
-1
-1
-1
-1
-1
-1
-1
-1
-1
-1
-1
-1
-1
-1
-1
-1
-1
-1
-1
-1
-1
-1
-1
-1
-1
-1
-1
-1
-1
-1
-1
-1
-1
-1
-1
-1
-1
-1
-1
-1
-1
-1
-1
-1
-1
-1
-1
-1
-1
-1
-1
-1
-1
-1
-1
-1
-1
-1
-1
-1
-1
-1
-1
-1
-1
-1
-1
-1
-1
-1
-1
-1
-1
-1
-1
-1
-1
-1
-1
-1
-1
-1
-1
-1
-1
-1
-1
-1
-1
-1
-1
-1
-1
-1
-1
-1
-1
-1
-1
-1
-1
-1
-1
-1
-1
-1
-1
-1
-1
-1
-1
-1
-1
-1
-1
-1
-1
-1
-1
-1
-1
-1
-1
-1
-1
-1
-1
-1
-1
-1
-1
-1
-1
-1
-1
-1
-1
-1
-1
-1
-1
-1
-1
-1
-1
-1
-1
-1
-1
-1
-1
-1
-1
-1
-1
-1
-1
-1
-1
-1
-1
-1
-1
-1
-1
-1
-1
-1
-1
-1
-1
-1
-1
-1
-1
-1
-1
-1
-1
-1
-1
-1
-1
-1
-1
-1
-1
-1
-1
-1
-1
-1
-1
-1
-1
-1
-1
-1
-1
-1
-1
-1
-1
-1
-1
-1
-1
-1
-1
-1
-1
-1
-1
-1
-1
-1
-1
-1
-1
-1
-1
-1
-1
-1
-1
-1
-1
-1
-1
-1
-1
-1
-1
-1
-1
-1
-1
-1
-1
-1
-1
-1
-1
-1
-1
-1
-1
-1
-1
-1
-1
-1
-1
-1
-1
-1
-1
-1
-1
-1
-1
-1
-1
-1
-1
-1
-1
-1
-1
-1
-1
-1
-1
-1
-1
-1
-1
-1
-1
-1
-1
-1
-1
-1
-1
-1
-1
-1
-1
-1
-1
-1
-1
-1
-1
-1
-1
-1
-1
-1
-1
-1
-1
-1
-1
-1
-1
-1
-1
-1
-1
-1
-1
-1
-1
-1
-1
-1
-1
-1
-1
-1
-1
-1
-1
-1
-1
-1
-1
-1
-1
-1
-1
-1
-1
-1
-1
-1
-1
-1
-1
-1
-1
-1
-1
-1
-1
-1
-1
-1
-1
-1
-1
-1
-1
-1
-1
-1
-1
-1
-1
-1
-1
-1
-1
-1
-1
-1
-1
-1
-1
-1
-1
-1
-1
-1
-1
-1
-1
-1
-1
-1
-1
-1
-1
-1
-1
-1
-1
-1
-1
-1
-1
-1
-1
-1
-1
-1
-1
-1
-1
-1
-1
-1
-1
-1
-1
-1
-1
-1
-1
-1
-1
-1
-1
-1
-1
-1
-1
-1
-1
-1
-1
-1
-1
-1
-1
-1
-1
-1
-1
-1
-1
-1
-1
-1
-1
-1
-1
-1
-1
-1
-1
-1
-1
-1
-1
-1
-1
-1
-1
-1
-1
-1
-1
-1
-1
-1
-1
-1
-1
-1
-1
-1
-1
-1
-1
-1
-1
-1
-1
-1
-1
-1
-1
-1
-1
-1
-1
-1
-1
-1
-1
-1
-1
-1
-1
-1
-1
-1
-1
-1
-1
-1
-1
-1
-1
-1
-1
-1
-1
-1
-1
-1
-1
-1
-1
-1
-1
-1
-1
-1
-1
-1
-1
-1
-1
-1
-1
-1
-1
-1
-1
-1
-1
-1
-1
-1
-1
-1
-1
-1
-1
-1
-1
-1
-1
-1
-1
-1
-1
-1
-1
-1
-1
-1
-1
-1
-1
-1
-1
-1
-1
-1
-1
-1
-1
-1
-1
-1
-1
-1
-1
-1
-1
-1
-1
-1
-1
-1
-1
-1
-1
-1
-1
-1
-1
-1
-1
-1
-1
-1
-1
-1
-1
-1
-1
-1
-1
-1
-1
-1
-1
-1
-1
-1
-1
-1
-1
-1
-1
-1
-1
-1
-1
-1
-1
-1
-1
-1
-1
-1
-1
-1
-1
-1
-1
-1
-1
-1
-1
-1
-1
-1
-1
-1
-1
-1
-1
-1
-1
-1
-1
-1
-1
-1
-1
-1
-1
-1
-1
-1
-1
-1
-1
-1
-1
-1
-1
-1
-1
-1
-1
-1
-1
-1
-1
-1
-1
-1
-1
-1
-1
-1
-1
-1
-1
-1
-1
-1
-1
-1
-1
-1
-1
-1
-1
-1
-1
-1
-1
-1
-1
-1
-1
-1
-1
-1
-1
-1
-1
-1
-1
-1
-1
-1
-1
-1
-1
-1
-1
-1
-1
-1
-1
-1
-1
-1
-1
-1
-1
-1
-1
-1
-1
-1
-1
-1
-1
-1
-1
-1
-1
-1
-1
-1
-1
-1
-1
-1
-1
-1
-1
-1
-1
-1
-1
-1
-1
-1
-1
-1
-1
-1
-1
-1
-1
-1
-1
-1
-1
-1
-1
-1
-1
-1
-1
-1
-1
-1
-1
-1
-1
-1
-1
-1
-1
-1
-1
-1
-1
-1
-1
-1
-1
-1
-1
-1
-1
-1
-1
-1
-1
-1
-1
-1
-1
-1
-1
-1
-1
-1
-1
-1
-1
-1
-1
-1
-1
-1
-1
-1
-1
-1
-1
-1
-1
-1
-1
-1
-1
-1
-1
-1
-1
-1
-1
-1
-1
-1
-1
-1
-1
-1
-1
-1
-1
-1
-1
-1
-1
-1
-1
-1
-1
-1
-1
-1
-1
-1
-1
-1
-1
-1
-1
-1
-1
-1
-1
-1
-1
-1
-1
-1
-1
-1
-1
-1
-1
-1
-1
-1
-1
-1
-1
-1
-1
-1
-1
-1
-1
-1
-1
-1
-1
-1
-1
-1
-1
-1
-1
-1
-1
-1
-1
-1
-1
-1
-1
-1
-1
-1
-1
-1
-1
-1
-1
-1
-1
-1
-1
-1
-1
-1
-1
-1
-1
-1
-1
-1
-1
-1
-1
-1
-1
-1
-1
-1
-1
-1
-1
-1
-1
-1
-1
-1
-1
-1
-1
-1
-1
-1
-1
-1
-1
-1
-1
-1
-1
-1
-1
-1
-1
-1
-1
-1
-1
-1
-1
-1
-1
-1
-1
-1
-1
-1
-1
-1
-1
-1
-1
-1
-1
-1
-1
-1
-1
-1
-1
-1
-1
-1
-1
-1
-1
-1
-1
-1
-1
-1
-1
-1
-1
-1
-1
-1
-1
-1
-1
-1
-1
-1
-1
-1
-1
-1
-1
-1
-1
-1
-1
-1
-1
-1
-1
-1
-1
-1
-1
-1
-1
-1
-1
-1
-1
-1
-1
-1
-1
-1
-1
-1
-1
-1
-1
-1
-1
-1
-1
-1
-1
-1
-1
-1
-1
-1
-1
-1
-1
-1
-1
-1
-1
-1
-1
-1
-1
-1
-1
-1
-1
-1
-1
-1
-1
-1
-1
-1
-1
-1
-1
-1
-1
-1
-1
-1
-1
-1
-1
-1
-1
-1
-1
-1
-1
-1
-1
-1
-1
-1
-1
-1
-1
-1
-1
-1
-1
-1
-1
-1
-1
-1
-1
-1
-1
-1
-1
-1
-1
-1
-1
-1
-1
-1
-1
-1
-1
-1
-1
-1
-1
-1
-1
-1
-1
-1
-1
-1
-1
-1
-1
-1
-1
-1
-1
-1
-1
-1
-1
-1
-1
-1
-1
-1
-1
-1
-1
-1
-1
-1
-1
-1
-1
-1
-1
-1
-1
-1
-1
-1
-1
-1
-1
-1
-1
-1
-1
-1
-1
-1
-1
-1
-1
-1
-1
-1
-1
-1
-1
-1
-1
-1
-1
-1
-1
-1
-1
-1
-1
-1
-1
-1
-1
-1
-1
-1
-1
-1
-1
-1
-1
-1
-1
-1
-1
-1
-1
-1
-1
-1
-1
-1
-1
-1
-1
-1
-1
-1
-1
-1
-1
-1
-1
-1
-1
-1
-1
-1
-1
-1
-1
-1
-1
-1
-1
-1
-1
-1
-1
-1
-1
-1
-1
-1
-1
-1
-1
-1
-1
-1
-1
-1
-1
-1
-1
-1
-1
-1
-1
-1
-1
-1
-1
-1
-1
-1
-1
8388607
8011185
8388607
8388607
8388607
8388607
8388607
8388607
8388607
8388607
8388607
8388607
8388607
8388607
8388607
8388607
8388607
8388607
8388607
-948951
8388607
8388607
8388607
8388607
5339640
7986064
8388607
8388607
8388607
8388607
8388607
8388607
8388607
8388607
8388607
8388607
8388607
8207612
8191919
3572020
8131346
7587359
7510955
7463839
7419872
7376568
4088546
6738985
7321639
8388607
8388607
8388607
8388607
8388607
8388607
8388607
8388607
6692835
6627560
3714801
7579505
6654735
6466772
6451945
6405165
6367440
6330264
6286807
8388607
6332834
8388607
8388607
8388607
8388607
8388607
8388607
8388607
4338480
5599000
-843184
6188099
5546368
5635666
5583613
5544115
5507148
5475114
5443087
5411275
5456254
7328411
5497470
8388607
8388607
8388607
8388607
8388607
3297525
5163528
5228533
8388607
4064810
4765044
4854960
4808527
4777960
4750239
4722444
4690260
4662845
4630781
8388607
4353216
4545829
8388607
8278425
8130101
3648724
4250943
4293979
-6978019
5264164
4267070
4223419
4197390
4170976
4146915
4122622
4094528
4070597
4042852
4019221
3989272
5113531
3818271
3916043
3901116
3877252
3854726
3828435
-272738
4775882
3626354
3766180
3720381
3698750
3677068
3652012
3630674
3605927
3584849
3563895
3539604
3518915
-3819560
3703507
3423113
3444679
3416278
3395108
3639435
5014589
3143988
3333062
3299892
3283329
3260643
3241437
3222514
3200547
3181839
3163241
3141680
3123317
3102028
3083897
-4259778
3004369
2995986
3020177
5489072
7971479
2056475
2925676
2951072
2928630
2909358
2892168
2875296
2855693
2839000
2819650
2803168
2786784
2767789
2751611
2735528
2716883
2698269
2908941
6322535
-1443478
1728247
2773433
2595248
2597346
2584086
2568703
2551230
2536317
2519030
2504306
2489668
2472699
2458246
2443877
2427220
2413032
2396585
2382577
2368650
2352506
2338755
2322814
2309237
2295740
2280092
2266765
2253515
2238155
2225073
2209907
2196990
2184149
2169262
2156582
2143977
2129363
2116917
2104543
2090199
2077982
2063818
2051755
2039762
2025859
2014018
2002246
1988599
1976975
1965420
1952023
1940614
1927387
1916121
1904921
1891937
1880879
1869885
1857140
1846284
1835493
1822982
1812327
1801733
1789453
1778993
1768595
1756540
1746273
1734371
1724233
1714155
1702471
1692520
1682627
1671159
1661390
1651680
1640422
1630833
1621301
1610250
1600838
1591481
1580634
1571395
1562210
1551562
1542493
1533477
1523025
1514123
1503802
1495013
1486274
1476144
1467515
1458938
1448994
1440524
1430706
1422343
1414029
1404391
1396183
1388022
1378561
1370503
1362493
1353206
1345296
1336127
1328317
1320553
1312834
1303886
1296265
1288688
1279904
1272423
1263750
1256364
1247800
1240507
1233256
1226047
1217691
1210573
1203497
1195294
1188308
1180208
1173310
1166452
1158501
1151730
1144998
1137193
1130546
1123938
1116278
1109753
1102189
1095746
1089342
1082974
1075593
1069306
1062018
1055810
1049639
1042484
1036391
1029327
1023311
1017329
1011383
1004489
998618
991811
986014
980251
973570
967879
962222
955663
950077
944524
938086
932603
927152
920832
915450
909210
903896
898613
893360
887271
882085
876073
870952
865861
859959
854933
849936
844143
839208
834303
828617
823773
818958
813376
808622
803111
798416
793749
788339
783731
779150
773840
769317
764820
759607
755167
750020
745636
741278
736945
731922
727644
722684
718460
714260
709392
705246
701123
696344
692274
687556
683537
679542
674910
670965
667043
662497
658624
654775
650312
646510
642732
638351
634620
630294
626610
622947
618701
615085
611490
607915
603772
600243
596152
592667
589203
585187
581766
578366
574424
571066
567728
563859
560563
556742
553488
550253
546502
543308
540132
536451
533315
530198
526584
523506
520446
516899
513877
510874
507392
504426
500988
498060
495148
491773
488899
486041
482728
479907
477102
473850
471080
467869
465135
462416
459264
456580
453911
450817
448182
445562
442525
439939
437367
434386
431847
429323
426397
423904
421427
418554
416108
413272
410856
408056
405670
403299
400550
398209
395882
393183
390885
388221
385952
383696
381080
378853
376639
374071
371885
369350
367191
365045
362557
360438
357981
355889
353808
351740
349343
347301
344934
342918
340913
338589
336610
334643
332362
330419
328488
326249
324342
322131
320248
318377
316207
314358
312521
310391
308576
306773
304682
302901
301130
299078
297330
295303
293577
291861
290155
288178
286493
284540
282877
281224
279307
277674
276051
274170
272567
270974
269127
267554
265730
264177
262633
260843
259318
257803
256045
254549
253061
251336
249867
248406
246713
245271
243600
242176
240760
239119
237721
236332
234721
233349
231759
230404
229057
227718
226166
224844
223312
222006
220709
219204
217923
216649
215173
213915
212665
211215
209981
208753
207330
206119
204714
203517
202327
200948
199774
198606
197252
196100
194953
193624
192493
191368
190063
188952
187848
186567
185477
184213
183136
182066
180825
179768
178717
177499
176461
175430
174234
173216
172035
171030
170030
168871
167884
166903
165765
164796
163833
162716
161765
160662
159723
158790
157707
156786
155869
154807
153902
153002
151960
151071
150188
149165
148293
147426
146421
145565
144573
143728
142888
141914
141084
140260
139304
138490
137680
136742
135942
135148
134227
133442
132533
131758
130988
130095
129334
128579
127702
126956
126214
125353
124621
123892
123048
122329
121614
120785
120079
119260
118563
117870
117067
116382
115589
114914
114242
113463
112800
112141
111376
110725
110078
109328
108689
108053
107317
106690
105962
105343
104727
104014
103406
102801
102100
101504
100910
100223
99637
98958
98379
97804
97138
96570
95912
95351
94794
94147
93597
92959
92416
91876
91249
90716
90186
89571
89048
88441
87924
87410
86814
86307
85718
85217
84719
84224
83650
83161
82594
82111
81631
81075
80601
80130
79584
79119
78656
78120
77663
77134
76683
76235
75715
75273
74833
74323
73888
73456
72956
72529
72105
71614
71195
70710
70297
69886
69477
69004
68601
68133
67735
67339
66880
66489
66100
65650
65266
64821
64442
64066
63629
63257
62887
62459
62093
61731
61310
60951
60536
60182
59830
59423
59075
58730
58330
57989
57650
57257
56922
56589
56204
55875
55494
55170
54847
54527
54155
53839
53472
53159
52848
52488
52181
51826
51523
51222
50922
50575
50280
49937
49645
49355
49018
48732
48447
48117
47836
47510
47232
46956
46636
46363
46092
45778
45510
45244
44936
44673
44369
44109
43852
43553
43298
43045
42752
42502
42253
41965
41720
41476
41193
40953
40674
40436
40199
39925
39692
39460
39191
38962
38734
38470
38245
37985
37763
37542
37323
37068
36852
36600
36386
36138
35927
35717
35474
35266
35060
34821
34618
34415
34181
33981
33749
33552
33356
33129
32935
32710
32519
32329
32109
31921
31735
31518
31334
31120
30939
30758
30548
30370
30163
29986
29811
29637
29435
29263
29092
28893
28724
28529
28362
28196
28004
27840
27677
27489
27328
27168
26983
26826
26643
26487
26332
26153
26000
25848
25672
25522
25372
25199
25052
24881
24736
24591
24424
24281
24139
23975
23834
23695
23534
23396
23259
23101
22966
22831
22676
22543
22390
22259
22129
21978
21849
21722
21574
21447
21322
21177
21053
20930
20787
20666
20525
20405
20286
20147
20030
19913
19777
19661
19546
19413
19300
19187
19056
18945
18834
18706
18596
18469
18361
18254
18130
18024
17918
17796
17692
17572
17469
17367
17248
17148
17047
16931
16832
16734
16620
16523
16426
16314
16219
16108
16014
15920
15827
15719
15628
15521
15430
15340
15236
15147
15043
14955
14868
14781
14680
14594
14495
14410
14326
14228
14145
14063
13967
13885
13804
13710
13630
13550
13458
13379
13288
13210
13133
13056
12967
12891
12803
12729
12654
12568
12494
12421
12337
12265
12193
12110
12039
11957
11887
11818
11737
11668
11600
11532
11454
11387
11309
11243
11177
11101
11036
10961
10897
10833
10770
10697
10634
10562
10500
10439
10367
10307
10247
10177
10117
10058
9990
9931
9873
9806
9748
9682
9625
9569
9513
9448
9393
9329
9275
9220
9158
9104
9042
8989
8937
8876
8824
8772
8712
8661
8602
8552
8502
8452
8395
8346
8289
8240
8192
8136
8089
8042
7987
7940
7894
7840
7794
7741
7696
7651
7598
7554
7510
7459
7415
7372
7322
7279
7236
7187
7145
7096
7055
7013
6966
6925
6878
6837
6798
6751
6712
6672
6627
6588
6550
6505
6467
6423
6385
6342
6305
6268
6231
6189
6153
6111
6075
6040
5998
5963
5923
5888
5854
5819
5780
5746
5707
5673
5640
5602
5569
5537
5499
5467
5435
5398
5366
5329
5298
5262
5231
5201
5170
5135
5105
5075
5041
5011
4982
4948
4919
4886
4857
4829
4796
4768
4740
4708
4680
4648
4621
4594
4567
4536
4509
4479
4452
4426
4396
4371
4341
4315
4290
4265
4236
4211
4183
4158
4134
4106
4082
4058
4030
4007
3983
3956
3933
3910
3883
3860
3834
3812
3789
3764
3742
3720
3694
3673
3651
3626
3605
3581
3560
3539
3518
3494
3474
3450
3430
3410
3387
3367
3347
3324
3305
3286
3263
3244
3222
3203
3184
3163
3144
3126
3108
3086
3068
3047
3030
3009
2991
2974
2954
2936
2919
2899
2882
2866
2846
2829
2810
2794
2777
2761
2742
2726
2708
2692
2676
2658
2642
2627
2609
2594
2579
2561
2546
2529
2514
2499
2482
2468
2453
2436
2422
2408
2392
2378
2364
2348
2334
2318
2304
2291
2278
2262
2249
2233
2220
2205
2192
2180
2165
2152
2139
2125
2112
2100
2086
2074
2059
2047
2035
2024
2010
1998
1984
1973
1961
1948
1936
1923
1912
1901
1888
1877
1866
1853
1842
1830
1819
1808
1796
1786
1775
1763
1753
1741
1731
1719
1709
1699
1689
1677
1668
1658
1646
1637
1626
1616
1607
1596
1586
1577
1566
1557
1548
1538
1529
1518
1509
1500
1490
1482
1473
1463
1454
1446
1436
1428
1418
1410
1401
1392
1384
1375
1366
1358
1349
1341
1333
1324
1316
1309
1300
1292
1285
1276
1268
1260
1252
1245
1238
1229
1222
1215
1207
1200
1191
1184
1178
1169
1163
1156
1148
1141
1135
1127
1120
1113
1106
1100
1092
1086
1079
1072
1066
1060
1052
1046
1040
1033
1027
1021
1014
1008
1001
995
989
983
977
971
965
959
953
947
941
935
929
924
918
912
907
901
896
890
884
879
874
868
863
858
852
847
842
836
831
826
821
816
811
806
801
796
791
786
781
776
772
767
762
757
753
748
744
739
734
729
725
721
716
712
708
703
699
694
690
686
681
677
672
669
665
661
656
652
649
644
640
636
632
629
624
621
617
613
609
606
602
598
595
590
587
584
580
576
572
569
566
562
558
555
551
548
545
541
538
534
531
528
525
522
518
515
512
509
505
502
500
496
493
490
487
484
481
478
475
472
469
466
463
461
458
455
452
449
446
444
441
438
436
433
430
428
425
422
420
417
414
412
409
407
404
402
399
397
394
392
389
387
385
382
380
378
375
373
371
368
366
364
361
359
357
355
353
351
348
346
344
342
340
337
335
334
332
329
327
325
323
321
319
317
315
313
311
309
308
306
304
302
300
298
296
295
293
291
289
287
285
284
282
280
279
277
275
273
272
270
268
267
265
263
262
260
258
257
255
254
252
250
249
247
246
244
243
241
240
238
237
235
234
232
231
229
228
227
225
224
222
221
220
218
217
216
214
213
212
210
209
208
206
205
204
203
201
200
199
198
196
195
194
193
191
190
189
188
187
186
184
183
182
181
180
179
178
177
175
174
173
172
171
170
169
168
167
166
165
164
163
162
161
160
159
158
157
156
155
154
153
152
151
150
149
148
147
147
146
145
144
143
142
141
140
139
139
138
137
136
135
134
133
133
132
131
130
129
128
128
127
126
125
124
124
123
122
121
121
120
119
119
118
117
116
116
115
114
113
113
112
111
111
110
109
109
108
107
107
106
105
105
104
103
103
102
101
101
100
100
99
98
98
97
96
96
95
95
94
93
93
92
92
91
91
90
90
89
88
88
87
87
86
86
85
85
84
84
83
83
82
81
81
80
80
79
79
78
78
77
77
76
76
76
75
75
74
74
73
73
72
72
71
71
71
70
70
69
69
68
68
68
67
67
66
66
65
65
65
64
64
63
63
63
62
62
61
61
61
60
60
60
59
59
58
58
58
57
57
57
56
56
56
55
55
55
54
54
54
53
53
53
52
52
52
51
51
51
50
50
50
49
49
49
48
48
48
48
47
47
47
46
46
46
45
45
45
45
44
44
44
44
43
43
43
42
42
42
42
41
41
41
41
40
40
40
40
39
39
39
39
38
38
38
38
37
37
37
37
36
36
36
36
36
35
35
35
35
34
34
34
34
34
33
33
33
33
33
32
32
32
32
32
31
31
31
31
31
30
30
30
30
30
29
29
29
29
29
29
28
28
28
28
28
27
27
27
27
27
27
26
26
26
26
26
26
25
25
25
25
25
25
25
24
24
24
24
24
24
23
23
23
23
23
23
23
22
22
22
22
22
22
22
21
21
21
21
21
21
21
21
20
20
20
20
20
20
20
20
19
19
19
19
19
19
19
19
18
18
18
18
18
18
18
18
18
17
17
17
17
17
17
17
17
17
16
16
16
16
16
16
16
16
16
16
15
15
15
15
15
15
15
15
15
15
14
14
14
14
14
14
14
14
14
14
14
13
13
13
13
13
13
13
13
13
13
13
13
12
12
12
12
12
12
12
12
12
12
12
12
12
11
11
11
11
11
11
11
11
11
11
11
11
11
11
10
10
10
10
10
10
10
10
10
10
10
10
10
10
10
9
9
9
9
9
9
9
9
9
9
9
9
9
9
9
9
9
8
8
8
8
8
8
8
8
8
8
8
8
8
8
8
8
8
8
8
7
7
7
7
7
7
7
7
7
7
7
7
7
7
7
7
7
7
7
7
7
7
6
6
6
6
6
6
6
6
6
6
6
6
6
6
6
6
6
6
6
6
6
6
6
6
5
5
5
5
5
5
5
5
5
5
5
5
5
5
5
5
5
5
5
5
5
5
5
5
5
5
5
5
5
5
4
4
4
4
4
4
4
4
4
4
4
4
4
4
4
4
4
4
4
4
4
4
4
4
4
4
4
4
4
4
4
4
4
4
4
4
3
3
3
3
3
3
3
3
3
3
3
3
3
3
3
3
3
3
3
3
3
3
3
3
3
3
3
3
3
3
3
3
3
3
3
3
3
3
3
3
3
3
3
3
3
3
2
2
2
2
2
2
2
2
2
2
2
2
2
2
2
2
2
2
2
2
2
2
2
2
2
2
2
2
2
2
2
2
2
2
2
2
2
2
2
2
2
2
2
2
2
2
2
2
2
2
2
2
2
2
2
2
2
2
2
2
2
2
2
2
2
1
1
1
1
1
1
1
1
1
1
1
1
1
1
1
1
1
1
1
1
1
1
1
1
1
1
1
1
1
1
1
1
1
1
1
1
1
1
1
1
1
1
1
1
1
1
1
1
1
1
1
1
1
1
1
1
1
1
1
1
1
1
1
1
1
1
1
1
1
1
1
1
1
1
1
1
1
1
1
1
1
1
1
1
1
1
1
1
1
1
1
1
1
1
1
1
1
1
1
1
1
1
1
1
1
1
1
1
1
1
1
1
0
0
0
0
0
0
0
0
0
0
0
0
0
0
0
0
0
0
0
0
0
0
0
0
0
0
0
0
0
0
0
0
0
0
0
0
0
0
0
0
0
0
0
0
0
0
0
0
0
0
0
0
0
0
0
0
0
0
0
0
0
0
0
0
0
0
0
0
0
0
0
0
0
0
0
0
0
0
0
0
0
0
0
0
0
0
0
0
0
0
0
0
0
0
0
0
0
0
0
0
0
0
0
0
0
0
0
0
0
0
0
0
0
0
0
0
0
0
0
0
0
0
0
0
0
0
0
0
0
0
0
0
0
0
0
0
0
0
0
0
0
0
0
0
0
0
0
0
0
0
0
0
0
0
0
0
0
0
0
0
0
0
0
0
0
0
0
0
0
0
0
0
0
0
0
0
0
0
0
0
0
0
0
0
0
0
0
0
0
0
0
0
0
0
0
0
0
0
0
0
0
0
0
0
0
0
0
0
0
0
0
0
0
0
0
0
0
0
0
0
0
0
0
0
0
0
0
0
0
0
0
0
0
0
0
0
0
0
0
0
0
0
0
0
0
0
0
0
0
0
0
0
0
0
0
0
0
0
0
0
0
0
0
0
0
0
0
0
0
0
0
0
0
0
0
0
0
0
0
0
0
0
0
0
0
0
0
0
0
0
0
0
0
0
0
0
0
0
0
0
0
0
0
0
0
0
0
0
0
0
0
0
0
0
0
0
0
0
0
0
0
0
0
0
0
0
0
0
0
0
0
0
0
0
0
0
0
0
0
0
0
0
0
0
0
0
0
0
0
0
0
0
0
0
0
0
0
0
0
0
0
0
0
0
0
0
0
0
0
0
0
0
0
0
0
0
0
0
0
0
0
0
0
0
0
0
0
0
0
0
0
0
0
0
0
0
0
0
0
0
0
0
0
0
0
0
0
0
0
0
0
0
0
0
0
0
0
0
0
0
0
0
0
0
0
0
0
0
0
0
0
0
0
0
0
0
0
0
0
0
0
0
0
0
0
0
0
0
0
0
0
0
0
0
0
0
0
0
0
0
0
0
0
0
0
0
0
0
0
0
0
0
0
0
0
0
0
0
0
0
0
0
0
0
0
0
0
0
0
0
0
0
0
0
0
0
0
0
0
0
0
0
0
0
0
0
0
0
0
0
0
0
0
0
0
0
0
0
0
0
0
0
0
0
0
0
0
0
0
0
0
0
0
0
0
0
0
0
0
0
0
0
0
0
0
0
0
0
0
0
0
0
0
0
0
0
0
0
0
0
0
0
0
0
0
0
0
0
0
0
0
0
0
0
0
0
0
0
0
0
0
0
0
0
0
0
0
0
0
0
0
0
0
0
0
0
0
0
0
0
0
0
0
0
0
0
0
0
0
0
0
0
0
0
0
0
0
0
0
0
0
0
0
0
0
0
0
0
0
0
0
0
0
0
0
0
0
0
0
0
0
0
0
0
0
0
0
0
0
0
0
0
0
0
0
0
0
0
0
0
0
0
0
0
0
0
0
0
0
0
0
0
0
0
0
0
0
0
0
0
0
0
0
0
0
0
0
0
0
0
0
0
0
0
0
0
0
0
0
0
0
0
0
0
0
0
0
0
0
0
0
0
0
0
0
0
0
0
0
0
0
0
0
0
0
0
0
0
0
0
0
0
0
0
0
0
0
0
0
0
0
0
0
0
0
0
0
0
0
0
0
0
0
0
0
0
0
0
0
0
0
0
0
0
0
0
0
0
0
0
0
0
0
0
0
0
0
0
0
0
0
0
0
0
0
0
0
0
0
0
0
0
0
0
0
0
0
0
0
0
0
0
0
0
0
0
0
0
0
0
0
0
0
0
0
0
0
0
0
0
0
0
0
0
0
0
0
0
0
0
0
0
0
0
0
0
0
0
0
0
0
0
0
0
0
0
0
0
0
0
0
0
0
0
0
0
0
0
0
0
0
0
0
0
0
0
0
0
0
0
0
0
0
0
0
0
0
0
0
0
0
0
0
0
0
0
0
0
0
0
0
0
0
0
0
0
0
0
0
0
0
0
0
0
0
0
0
0
0
0
0
0
0
0
0
0
0
0
0
0
0
0
0
0
0
0
0
0
0
0
0
0
0
0
0
0
0
0
0
0
0
0
0
0
0
0
0
0
0
0
0
0
0
0
0
0
0
0
0
0
0
0
0
0
0
0
0
0
0
0
0
0
0
0
0
0
0
0
0
0
0
0
0
0
0
0
0
0
0
0
0
0
0
0
0
0
0
0
0
0
0
0
0
0
0
0
0
0
0
0
0
0
0
0
0
0
0
0
0
0
0
0
0
0
0
0
0
0
0
0
0
0
0
0
0
0
0
0
0
0
0
0
0
0
0
0
0
0
0
0
0
0
0
0
0
0
0
0
0
0
0
0
0
0
0
0
0
0
0
0
0
0
0
0
0
0
0
0
0
0
0
0
0
0
0
0
0
0
0
0
0
0
0
0
0
0
0
0
0
0
0
0
0
0
0
0
0
0
0
0
0
0
0
0
0
0
0
0
0
0
0
0
0
0
0
0
0
0
0
0
0
0
0
0
0
0
0
0
0
0
0
0
0
0
0
0
0
0
0
0
0
0
0
0
0
0
0
0
0
0
0
0
0
0
0
0
0
0
0
0
0
0
0
0
0
0
0
0
0
0
0
0
0
0
0
0
0
0
0
0
0
0
0
0
0
0
0
0
0
0
0
0
0
0
0
0
0
0
0
0
0
0
0
0
0
0
0
0
0
0
0
0
0
0
0
0
0
0
0
0
0
0
0
0
0
0
0
0
0
0
0
0
0
0
0
0
0
0
0
0
0
0
0
0
0
0
0
0
0
0
0
0
0
0
0
0
0
0
0
0
0
0
0
0
0
0
0
0
0
0
0
0
0
0
0
0
0
0
0
0
0
0
0
0
0
0
0
0
0
0
0
0
0
0
0
0
0
0
0
0
0
0
0
0
0
0
0
0
0
0
0
0
0
0
0
0
0
0
0
0
0
0
0
0
0
0
0
0
0
0
0
0
0
0
0
0
0
0
0
0
0
0
0
0
0
0
0
0
0
0
0
0
0
0
0
0
0
0
0
0
0
0
0
0
0
0
0
0
0
0
0
0
0
0
0
0
0
0
0
0
0
0
0
0
0
0
0
0
0
0
0
0
0
0
0
0
0
0
0
0
0
0
0
0
0
0
0
0
0
0
0
0
0
0
0
0
0
0
0
0
0
0
0
0
0
0
0
0
0
0
0
0
0
0
0
0
0
0
0
0
0
0
0
0
0
0
0
0
0
0
0
0
0
0
0
0
0
0
0
0
0
0
0
0
0
0
0
0
0
0
0
0
0
0
0
0
0
0
0
0
0
0
0
0
0
0
0
0
0
0
0
0
0
0
0
0
0
0
0
0
0
0
0
0
0
0
0
0
0
0
0
0
0
0
0
0
0
0
0
0
0
0
0
0
0
0
0
0
0
0
0
0
0
0
0
0
0
0
0
0
0
0
0
0
0
0
0
0
0
0
0
0
0
0
0
0
0
0
0
0
0
0
0
0
0
0
0
0
0
0
0
0
0
0
0
0
0
0
0
0
0
0
0
0
0
0
0
0
0
0
0
0
0
0
0
0
0
0
0
0
0
0
0
0
0
0
0
0
0
0
0
0
0
0
0
0
0
0
0
0
0
0
0
0
0
0
0
0
0
0
0
0
0
0
0
0
0
0
0
0
0
0
0
0
0
0
0
0
0
0
0
0
0
0
0
0
0
0
0
0
0
0
0
0
0
0
0
0
0
0
0
0
0
0
0
0
0
0
0
0
0
0
0
0
0
0
0
0
0
0
0
0
0
0
0
0
0
0
0
0
0
0
0
0
0
0
0
0
0
0
0
0
0
0
0
0
0
0
0
0
0
0
0
0
0
0
0
0
0
0
0
0
0
0
0
0
0
0
0
0
0
0
0
0
0
0
0
0
0
0
0
0
0
0
0
0
0
0
0
0
0
0
0
0
0
0
0
0
0
0
0
0
0
0
0
0
0
0
0
0
0
0
0
0
0
0
0
0
0
0
0
0
0
0
0
0
0
0
0
0
0
0
0
0
0
0
0
0
0
0
0
0
0
0
0
0
0
0
0
0
0
0
0
0
0
0
0
0
0
0
0
0
0
0
0
0
0
0
0
0
0
0
0
0
0
0
0
0
0
0
0
0
0
0
0
0
0
0
0
0
0
0
0
0
0
0
0
0
0
0
0
0
0
0
0
0
0
0
0
0
0
0
0
0
0
0
0
0
0
0
0
0
0
0
0
0
0
0
0
0
0
0
0
0
0
0
0
0
0
0
0
0
0
0
0
0
0
0
0
0
0
0
0
0
0
0
0
0
0
0
0
0
0
0
0
0
0
0
0
0
0
0
0
0
0
0
0
0
0
0
0
0
0
0
0
0
0
0
0
0
0
0
0
0
0
0
0
0
0
0
0
0
0
0
0
0
0
0
0
0
0
0
0
0
0
0
0
0
0
0
0
0
0
0
0
0
0
0
0
0
0
0
0
0
0
0
0
0
0
0
0
0
0
0
0
0
0
0
0
0
0
0
0
0
0
0
0
0
0
0
0
0
0
0
0
0
0
0
0
0
0
0
0
0
0
0
0
0
0
0
0
0
0
0
0
0
0
0
0
0
0
0
0
0
0
0
0
0
0
0
0
0
0
0
0
0
0
0
0
0
0
0
0
0
0
0
0
0
0
0
0
0
0
0
0
0
0
0
0
0
0
0
0
0
0
0
0
0
0
0
0
0
0
0
0
0
0
0
0
0
0
0
0
0
0
0
0
0
0
0
0
0
0
0
0
0
0
0
0
0
0
0
0
0
0
0
0
0
0
0
0
0
0
0
0
0
0
0
0
0
0
0
0
0
0
0
0
0
0
0
0
0
0
0
0
0
0
0
0
0
0
0
0
0
0
0
0
0
0
0
0
0
0
0
0
0
0
0
0
0
0
0
0
0
0
0
0
0
0
0
0
0
0
0
0
0
0
0
0
0
0
0
0
0
0
0
0
0
0
0
0
0
0
0
0
0
0
0
0
0
0
0
0
0
0
0
0
0
0
0
0
0
0
0
0
0
0
0
0
0
0
0
0
0
0
0
0
0
0
0
0
0
0
0
0
0
0
0
0
0
0
0
0
0
0
0
0
0
0
0
0
0
0
0
0
0
0
0
0
0
0
0
0
0
0
0
0
0
0
0
0
0
0
0
0
0
0
0
0
0
0
0
0
0
0
0
0
0
0
0
0
0
0
0
0
0
0
0
0
0
0
0
0
0
0
0
0
0
0
0
0
0
0
0
0
0
0
0
0
0
0
0
0
0
0
0
0
0
0
0
0
0
0
0
0
0
0
0
0
0
0
0
0
0
0
0
0
0
0
0
0
0
0
0
0
0
0
0
0
0
0
0
0
0
0
0
0
0
0
0
0
0
0
0
0
0
0
0
0
0
0
0
0
0
0
0
0
0
0
0
0
0
0
0
0
0
0
0
0
0
0
0
0
0
0
0
0
0
0
0
0
0
0
0
0
0
0
0
0
0
0
0
0
0
0
0
0
0
0
0
0
0
0
0
0
0
0
0
0
0
0
0
0
0
0
0
0
0
0
0
0
0
0
0
0
0
0
0
0
0
0
0
0
0
0
0
0
0
0
0
0
0
0
0
0
0
0
0
0
0
0
0
0
0
0
0
0
0
0
0
0
0
0
0
0
0
0
0
0
0
0
0
0
0
0
0
0
0
0
0
0
0
0
0
0
0
0
0
0
0
0
0
0
0
0
0
0
0
0
0
0
0
0
0
0
0
0
0
0
0
0
0
0
0
0
0
0
0
0
0
0
0
0
0
0
0
0
0
0
0
0
0
0
0
0
0
0
0
0
0
0
0
0
0
0
0
0
0
0
0
0
0
0
0
0
0
0
0
0
0
0
0
0
0
0
0
0
0
0
0
0
0
0
0
0
0
0
0
0
0
0
0
0
0
0
0
0
0
0
0
0
0
0
0
0
0
0
0
0
0
0
0
0
0
0
0
0
0
0
0
0
0
0
0
0
0
0
0
0
0
0
0
0
0
0
0
0
0
0
0
0
0
0
0
0
0
0
0
0
0
0
0
0
0
0
0
0
0
0
0
0
0
0
0
0
0
0
0
0
0
0
0
0
0
0
0
0
0
0
0
0
0
0
0
0
0
0
0
0
0
0
0
0
0
0
0
0
0
0
0
0
0
0
0
0
0
0
0
0
0
0
0
0
0
0
0
0
0
0
0
0
0
0
0
0
0
0
0
0
0
0
0
0
0
0
0
0
0
0
0
0
0
0
0
0
0
0
0
0
0
0
0
0
0
0
0
0
0
0
0
0
0
0
0
0
0
0
0
0
0
0
0
0
0
0
0
0
0
0
0
0
0
0
0
0
0
0
0
0
0
0
0
0
0
0
0
0
0
0
0
0
0
0
0
0
0
0
0
0
0
0
0
0
0
0
0
0
0
0
0
0
