-325255
-430829
-624382
-773320
-850867
-845976
-568350
-327289
-35455
326442
793181
1136001
1416424
1575811
1684697
1717263
1553394
1326481
1010107
677074
181475
-168482
-456202
-703749
-848676
-911947
-912741
-611646
-402252
-55581
319629
720999
1119837
1356305
1526364
1651426
1677364
1534456
1261025
985676
589004
159077
-199645
-531140
-750288
-901239
-967729
-963919
-679165
-426977
-127078
241531
713618
1062480
1303177
1504088
1612140
1642830
1459971
1236254
967483
573726
137522
-282054
-568569
-794019
-940945
-1022904
-1018944
-708966
-491773
-189569
248004
658525
1005838
1298649
1460528
1577868
1613382
1455365
1182141
902674
561999
59840
-301092
-599086
-828808
-1001540
-1067400
-1053793
-761801
-550635
-197605
182220
599998
1010370
1253493
1426119
1562273
1591485
1390330
1168802
890768
488136
46074
-314990
-623823
-887014
-1036207
-1105576
-1102458
-814384
-560432
-253884
123359
609629
963885
1215302
1422412
1537353
1569130
1391076
1161843
835823
487776
45841
-325418
-682976
-913163
-1083001
-1147265
-1147389
-827875
-611193
-305689
70809
563193
922163
1222294
1393471
1515190
1554650
1400187
1150467
833960
490617
46215
-391799
-699525
-937099
-1110511
-1179220
-1171387
-873875
-657732
-353630
91663
518519
884401
1189730
1370419
1508155
1540294
1413237
1115957
836768
493801
-24844
-395096
-713933
-983345
-1134602
-1209452
-1208124
-915614
-703298
-345642
40518
479149
901841
1157686
1373709
1494431
1530289
1424303
1115296
841317
434611
-16801
-396724
-763020
-1000590
-1155520
-1240716
-1239687
-956222
-746303
-389409
-6147
499439
868478
1175767
1355690
1481349
1522718
1375158
1115989
846776
446689
-5857
-394767
-771975
-1015093
-1192525
-1266153
-1271632
-997592
-738856
-428589
23345
463162
831415
1146442
1334469
1467930
1514809
1394206
1119587
803535
456756
-71254
-450947
-777766
-1053449
-1210429
-1286242
-1298166
-992487
-777738
-411703
-18348
428438
861733
1124510
1320374
1470370
1510302
1413638
1093552
814252
474089
-55080
-445502
-782192
-1064054
-1222335
-1307211
-1315184
-1028894
-812343
-449899
-61718
457839
831355
1099632
1331764
1466098
1507320
1366694
1101543
826945
422338
-35904
-436017
-824112
-1073146
-1233610
-1332179
-1338196
-1020934
-801317
-485273
-29091
424950
803339
1077606
1320441
1458988
1507422
1390266
1107574
787744
438293
-13691
-485309
-823040
-1077752
-1269432
-1348008
-1359989
-1053472
-835503
-465231
-67132
395226
775190
1103546
1307638
1452964
1506156
1413926
1085617
807266
457443
-79777
-475028
-823928
-1114160
-1275645
-1367686
-1374942
-1084630
-866917
-497418
-102381
365249
806855
1083029
1298013
1464422
1508408
1374708
1097309
821003
474799
-56534
-465687
-864125
-1119461
-1281547
-1385066
-1395753
-1076912
-850650
-530811
-136460
398921
784369
1112923
1314317
1459678
1509553
1401780
1107759
787513
430261
-29018
-515556
-859704
-1121036
-1316198
-1399757
-1403627
-1104079
-882162
-560848
-100957
371742
820532
1096201
1307599
1471294
1514668
1426189
1088603
803847
453868
-89756
-498187
-897863
-1152763
-1318052
-1420113
-1423602
-1134541
-909896
-536075
-135868
405644
797366
1077969
1326289
1468060
1515177
1390288
1101673
823733
405095
-63005
-484585
-893537
-1153596
-1348847
-1428665
-1440907
-1166736
-894086
-566069
-167045
379845
774418
1107782
1319415
1468658
1522564
1419546
1119437
790566
430613
-32143
-533096
-889433
-1151429
-1353232
-1441707
-1455381
-1147474
-920812
-596490
-127626
355789
812761
1093927
1310312
1465165
1524842
1448036
1100593
810492
454675
-98059
-516065
-924820
-1187079
-1354452
-1452118
-1464220
-1179298
-950496
-568177
-160583
389236
788140
1077633
1332789
1483062
1530626
1471513
1112408
835890
478629
-63518
-497766
-917552
-1184619
-1356335
-1468800
-1477387
-1209026
-926525
-597315
-190675
366771
769981
1064115
1328524
1480366
1534181
1441958
1130286
802705
435841
-34402
-545351
-910295
-1181097
-1383301
-1475563
-1496007
-1186645
-956959
-628070
-151126
340603
805670
1098314
1323578
1478554
1539859
1473141
1111227
825070
462088
-94164
-526649
-899689
-1216227
-1384968
-1486661
-1501373
-1216882
-933729
-595022
-182657
380079
786390
1082274
1347734
1495522
1550724
1439016
1129256
848303
418456
-63737
-503004
-935170
-1208320
-1383875
-1500997
-1515909
-1195963
-959690
-625258
-214143
355485
764165
1068770
1339584
1497473
1557712
1468634
1147609
815489
448065
-27945
-481516
-928435
-1202882
-1415862
-1510481
-1528281
-1221978
-986263
-654840
-170640
329098
742426
1103163
1336407
1498949
1562170
1497559
1130923
842089
473069
4585
-533217
-916018
-1237112
-1414590
-1517531
-1537240
-1250927
-1012139
-621701
-203224
307644
784172
1088513
1362066
1515717
1568723
1525786
1149433
863786
500030
-55761
-506633
-952190
-1229334
-1410011
-1534265
-1550274
-1282432
-987957
-650336
-230646
348447
761506
1077246
1353121
1515661
1574491
1499558
1167685
890098
456592
-22704
-487988
-945433
-1223617
-1440699
-1544050
-1562043
-1315282
-1015378
-678930
-189202
326014
741500
1109116
1352090
1516922
1584091
1528500
1186248
858694
485853
12576
-537477
-930216
-1214729
-1434349
-1548551
-1570450
-1283127
-1038896
-704027
-219323
299880
783215
1097659
1349230
1538281
1592082
1553553
1205883
883635
511686
-49447
-512866
-915044
-1251415
-1434798
-1554297
-1582329
-1318865
-1068066
-674097
-249609
269721
763479
1083416
1344643
1534232
1596521
1530592
1185770
909406
471865
-11392
-488821
-955835
-1243511
-1432725
-1569469
-1591335
-1352501
-1042847
-699786
-281218
315269
742228
1072583
1364860
1536243
1604108
1557353
1205365
875699
500245
22739
-541039
-938769
-1233035
-1428652
-1575209
-1601875
-1317518
-1068970
-728971
-236553
294240
718809
1106043
1366524
1537528
1614423
1582085
1224228
901727
527686
-39983
-513466
-926728
-1224305
-1458398
-1582158
-1609490
-1353553
-1094184
-694694
-265151
268304
765973
1095687
1363063
1557845
1621774
1559978
1211831
927542
556951
-1938
-488525
-909942
-1260283
-1453479
-1598167
-1622035
-1386931
-1069481
-724001
-302065
310458
742776
1084993
1384417
1557520
1627749
1588183
1229141
955216
513844
34619
-462392
-951142
-1249725
-1452571
-1604693
-1630509
-1350565
-1091903
-751062
-250589
289367
719226
1116084
1383634
1556901
1640183
1610811
1247539
923171
545532
69612
-514738
-937931
-1237693
-1479318
-1606499
-1637377
-1384798
-1120103
-778651
-283390
257732
765993
1103693
1377861
1575761
1645502
1626307
1233914
948414
573322
6031
-490265
-917843
-1273748
-1476249
-1611567
-1648695
-1417180
-1139681
-744304
-316723
228129
742243
1095333
1401656
1577675
1650121
1615637
1251747
973826
532605
46234
-466249
-962476
-1264783
-1470658
-1626175
-1658571
-1458906
-1117746
-770860
-346174
279221
716353
1125143
1400302
1578700
1656369
1639104
1270906
942082
558884
83135
-514896
-944527
-1250185
-1498532
-1632080
-1667773
-1415144
-1141548
-801644
-301728
252212
770807
1114262
1395919
1598691
1668803
1657202
1287756
970168
590732
115217
-486611
-926496
-1291001
-1493371
-1639027
-1675258
-1451635
-1165374
-765207
-333064
220912
747400
1103893
1393353
1599869
1677166
1670000
1273281
998931
550013
58962
-463608
-969647
-1279792
-1491651
-1642893
-1684077
-1490312
-1140562
-790996
-365318
274780
721765
1099512
1418544
1602164
1681240
1669280
1295830
1026222
580238
95384
-438068
-952001
-1264646
-1490477
-1658340
-1695948
-1527518
-1168149
-820801
-314598
245366
696386
1128186
1415734
1600166
1696489
1685609
1317388
992939
607734
129742
-485701
-932353
-1250591
-1517097
-1662921
-1699667
-1484101
-1191979
-785917
-348891
214230
673008
1115513
1410604
1619674
1699212
1697742
1299231
1019125
635032
71754
-460639
-912227
-1290714
-1509972
-1666141
-1712911
-1518213
-1164485
-813180
-379182
173230
720724
1105796
1406805
1620903
1704029
1692122
1316195
1046682
595176
106698
-432891
-957934
-1275483
-1506269
-1681682
-1718622
-1561229
-1188752
-843086
-416979
237188
699335
1094858
1432049
1619581
1708704
1709341
1340487
1071521
623924
139613
-410776
-935016
-1259334
-1530764
-1686340
-1728418
-1518980
-1212707
-872273
-446559
203775
670796
1126707
1426866
1618221
1724371
1721734
1364119
1039386
654917
175956
-458214
-917120
-1247149
-1528965
-1689469
-1737136
-1550685
-1233473
-900519
-396621
167114
723654
1112830
1420802
1639725
1729126
1734379
1346014
1068704
682400
117298
-436591
-890473
-1289866
-1522297
-1693462
-1746766
-1593211
-1254274
-863448
-431399
128107
697415
1105126
1446461
1642205
1737269
1747315
1360256
1098293
643913
152410
-406881
-942480
-1272409
-1518555
-1707447
-1755244
-1631036
-1232799
-890067
-463200
192870
676749
1136664
1442851
1637342
1742846
1747255
1388699
1064280
671775
187377
-455705
-921667
-1258014
-1548557
-1711385
-1761419
-1585025
-1258670
-919938
-414235
155563
647075
1127104
1432750
1631804
1753240
1760675
1416456
1091894
698870
129580
-430485
-895849
-1301086
-1540171
-1715031
-1770337
-1625025
-1277498
-883372
-447884
117120
701590
1116301
1426522
1657538
1759137
1773211
1387144
1115856
657988
165924
-408545
-948143
-1281718
-1538365
-1729448
-1776751
-1660519
-1259913
-912703
-481528
185149
672432
1096482
1461326
1656254
1762714
1773915
1415806
1084991
686695
196235
-381063
-925770
-1266666
-1563554
-1734134
-1787384
-1618471
-1278135
-939547
-431732
144076
648238
1082652
1447239
1648895
1777462
1786554
1388294
1111865
721107
143878
-431699
-902952
-1251431
-1558274
-1734869
-1795669
-1656295
-1299262
-901305
-468227
106105
617169
1121906
1440970
1678995
1780448
1795711
1414827
1139825
747584
175873
-405325
-879284
-1294764
-1553041
-1735839
-1802334
-1696037
-1317132
-929737
-498406
59790
671759
1105637
1475895
1673809
1787543
1798977
1441985
1166504
705100
212990
-380822
-929136
-1274464
-1548595
-1751754
-1810122
-1728330
-1303338
-961954
-532080
136466
643641
1088363
1463846
1668191
1798487
1810838
1471139
1193693
737779
244752
-426820
-906938
-1262219
-1573877
-1753351
-1816833
-1689943
-1317978
-990006
-482846
92047
614434
1132270
1452264
1662722
1804523
1818699
1501749
1164461
767474
278156
-401293
-882966
-1301659
-1568891
-1755017
-1828390
-1726218
-1340449
-952124
-514934
49305
671809
1114450
1487198
1691361
1808314
1829991
1464851
1192969
796940
224776
-370836
-929037
-1286563
-1563403
-1777592
-1833609
-1757224
-1321303
-984436
-547211
121960
643694
1097018
1477139
1687224
1812630
1833493
1496689
1219510
752290
259234
-420017
-909331
-1267230
-1558529
-1779456
-1840096
-1718984
-1344208
-1012842
-499309
81396
701330
1135184
1470075
1679158
1824715
1845861
1528427
1187042
785100
205517
-397057
-880592
-1311783
-1585244
-1775990
-1847195
-1759457
-1364919
-1039318
-531830
33912
670563
1125137
1452165
1674785
1831648
1854708
1494884
1210236
817037
239404
-371620
-858794
-1297054
-1581442
-1778492
-1856247
-1789789
-1344939
-1001619
-566659
109724
642050
1105711
1442157
1704221
1833541
1857459
1522109
1239103
772743
270171
-341260
-911691
-1282082
-1576119
-1795199
-1865057
-1818485
-1363705
-1030056
-596774
67181
611560
1084685
1479234
1695905
1836431
1866563
1555852
1205143
804648
305883
-394872
-884984
-1264154
-1600940
-1797731
-1868753
-1783996
-1386559
-1057935
-547285
24159
581699
1126812
1463677
1726934
1854187
1879799
1519242
1231326
832408
341727
-365042
-860250
-1306755
-1592724
-1793414
-1880521
-1816779
-1405217
-1021022
-580413
-21182
638689
1109215
1451352
1718392
1852399
1878751
1548266
1258491
862978
285891
-338295
-836420
-1285545
-1592548
-1815060
-1886261
-1844475
-1386649
-1050847
-613117
55132
607922
1088797
1491618
1711553
1855701
1889884
1583406
1286801
820690
316441
-306864
-891593
-1272171
-1619839
-1812900
-1891043
-1864865
-1407066
-1079726
-567103
6911
575946
1136285
1475738
1704466
1870616
1899596
1617598
1307961
850645
355681
-359297
-860442
-1262085
-1613139
-1815844
-1900151
-1848614
-1430950
-1112336
-602155
-36771
548503
1116039
1463302
1736138
1876953
1910427
1661050
1285841
882460
296680
-331542
-840768
-1302413
-1609331
-1818801
-1911422
-1875273
-1450542
-1072957
-630861
39755
605915
1099479
1449138
1734032
1882946
1917219
1615692
1310755
839637
333701
-298452
-893040
-1288347
-1607253
-1841782
-1919939
-1898655
-1432543
-1104995
-582176
-5718
576579
1143536
1496213
1732961
1884661
1930401
1655499
1282755
874788
369953
-358108
-867846
-1277631
-1633413
-1838659
-1924318
-1881244
-1454961
-1133782
-617910
-44179
637749
1123990
1478520
1720744
1902074
1938278
1608574
1307767
902645
313335
-325960
-839900
-1260976
-1625013
-1837721
-1933552
-1903716
-1475141
-1093066
-649867
25274
600196
1102034
1456652
1747194
1899254
1940928
1641895
1331609
858676
346608
-292312
-893813
-1296013
-1621138
-1856605
-1936293
-1917891
-1452913
-1122982
-677891
-17088
574073
1078809
1500981
1742239
1903253
1949137
1684869
1354907
888681
389146
-252792
-866891
-1282985
-1645174
-1856308
-1941167
-1903279
-1473483
-1151449
-631703
-59880
538030
1127448
1488712
1730053
1920321
1955197
1635014
1324323
918827
424519
-314223
-838872
-1319559
-1642130
-1854880
-1954397
-1926529
-1498123
-1114040
-665387
-104023
597336
1106952
1466762
1760651
1925238
1964062
1670169
1350472
879079
360190
-285068
-895574
-1305512
-1639764
-1874145
-1961529
-1945147
-1475969
-1146973
-698109
-27696
566574
1153289
1513627
1758918
1938681
1972734
1711969
1375218
911561
402751
-344385
-867891
-1290600
-1663438
-1875746
-1966737
-1936027
-1498874
-1177375
-648981
-78044
539239
1136554
1495745
1788917
1943146
1981612
1755084
1350438
938426
437520
-314341
-838788
-1331336
-1657470
-1873640
-1979320
-1952460
-1520451
-1137745
-681603
-118602
595448
1110646
1477114
1782904
1944388
1990188
1703865
1375087
971256
377468
-276373
-893220
-1318260
-1653624
-1874391
-1983784
-1971636
-1496053
-1165550
-716465
-39895
567104
1089629
1521013
1773444
1948353
1995466
1744154
1397188
927286
414546
-340111
-866289
-1301560
-1680048
-1898550
-1988137
-1984846
-1520972
-1198676
-748996
-87794
538053
1141855
1509193
1764912
1949768
2006191
1782242
1374381
961252
452351
-306846
-838915
-1290812
-1672343
-1894043
-1995730
-1979170
-1543926
-1158862
-700329
-128377
596493
1119458
1486260
1798392
1964261
2014039
1733139
1398346
988988
394379
-266153
-809788
-1322964
-1667372
-1892372
-2005496
-1996915
-1518808
-1186987
-733746
-56142
561156
1091242
1468547
1788034
1967294
2019023
1775695
1419501
947128
430124
-227920
-870742
-1312351
-1694320
-1912190
-2010723
-1985859
-1541150
-1220545
-683879
-100554
531661
1066070
1515796
1781330
1984043
2029919
1817550
1393883
976328
473197
-302309
-839122
-1298249
-1688221
-1916414
-2015943
-2004654
-1568116
-1179135
-717862
-141626
503386
1121080
1497621
1817041
1987058
2036273
1765931
1418477
1010095
410472
-255989
-813139
-1334378
-1680829
-1913118
-2028627
-2024245
-1594880
-1207748
-750393
-181562
559648
1092385
1477945
1805079
1987857
2043806
1808098
1442709
1044175
449364
-218427
-871907
-1321561
-1677055
-1936068
-2032895
-2035711
-1569781
-1238257
-785861
-111587
531582
1067598
1526365
1799249
2007673
2051691
1848908
1467405
1000422
486566
-290649
-841693
-1307073
-1704053
-1934023
-2042080
-2032119
-1593819
-1268710
-734010
-156791
499950
1123125
1506031
1829736
2006427
2059683
1894116
1441048
1029934
429705
-248753
-811435
-1346926
-1698988
-1928858
-2050867
-2048016
-1618536
-1230271
-768956
-88021
556877
1099401
1556013
1826080
2006862
2065588
1838381
1464549
987004
465543
-205468
-867100
-1328544
-1689815
-1953646
-2057496
-2058799
-1586286
-1261868
-800358
-127415
523532
1070375
1537844
1812330
2008389
2074486
1882315
1487055
1016647
504601
-278716
-835430
-1316287
-1723048
-1950178
-2061165
-2059888
-1615593
-1292669
-753599
-170248
498312
1126057
1514176
1807673
2027223
2083588
1926237
1464007
1051643
442208
-236262
-810823
-1294311
-1713908
-1946499
-2074439
-2071481
-1645308
-1251487
-786151
-210159
555667
1099871
1493928
1793554
2029264
2088322
1872991
1487094
1005243
480356
-196468
-865572
-1338578
-1702187
-1940026
-2079364
-2083807
-1675330
-1284164
-822777
-145136
524362
1075777
1544895
1829344
2028390
2096618
1918009
1506608
1037903
523306
-269665
-837300
-1325170
-1732382
-1962525
-2081459
-2079501
-1638800
-1315148
-770967
-183297
489613
1129311
1526426
1819613
2047534
2106787
1860113
1484000
1068338
457233
-232681
-811816
-1302557
-1725691
-1964582
-2096355
-2098332
-1666297
-1273149
-804144
-221781
546395
1104462
1502413
1852253
2046531
2113655
1903980
1503429
1028642
497563
-184602
-867454
-1346680
-1715288
-1990468
-2101019
-2107207
-1638069
-1304494
-839570
-156783
518426
1160950
1553635
1847905
2069190
2120544
1952698
1485624
1058203
539444
-260645
-836916
-1332976
-1751176
-1984305
-2115172
-2110757
-1663540
-1337349
-789885
-198243
577515
1132023
1534464
1880549
2069024
2127527
1888445
1508384
1093546
476604
-216934
-806683
-1373432
-1737881
-2012381
-2114691
-2120262
-1691590
-1296034
-819647
-130512
546138
1105625
1588183
1871132
2070057
2137507
1937267
1528605
1045567
517018
-171576
-869743
-1356949
-1772760
-2009463
-2125097
-2135974
-1657271
-1332286
-854758
-166774
516052
1168498
1564253
1863697
2088691
2145529
1984820
1505707
1077592
552345
-249270
-836808
-1398462
-1766855
-2003616
-2126728
-2132461
-1688759
-1364732
-805036
-211729
573246
1137469
1542238
1895651
2090786
2152052
1925675
1526821
1109600
493934
-208199
-805229
-1378472
-1755691
-1998224
-2139393
-2145077
-1720709
-1317203
-839196
-140689
543098
1109124
1520227
1886241
2090523
2157665
1966211
1550086
1064157
529739
-159490
-866429
-1363826
-1743588
-2025833
-2144758
-2152185
-1685067
-1353396
-789816
-181204
511081
1168296
1572292
1876958
2088182
2165550
2013402
1575403
1098124
570446
-244327
-836636
-1345591
-1729983
-2023285
-2143889
-2155931
-1711961
-1383558
-824114
-226428
480199
1138644
1549123
1866644
2107806
2172610
1956036
1552887
1128568
508951
-198212
-799888
-1389102
-1767593
-2014341
-2161594
-2170773
-1742388
-1339622
-862210
-263847
537346
1112041
1528852
1902742
2108346
2179512
2001225
1570310
1085753
546550
-148943
-769339
-1371236
-1761451
-2042793
-2165917
-2180274
-1709037
-1372350
-893627
-195466
503321
1078605
1585164
1890016
2109859
2186131
2044737
1550418
1116725
585760
-231934
-837060
-1354545
-1793145
-2038045
-2170136
-2182253
-1740100
-1406651
-838835
-238426
474030
1142226
1560251
1926718
2131342
2195678
1986412
1574924
1152396
630152
-185173
-803479
-1397503
-1784022
-2071157
-2181785
-2192685
-1705515
-1365022
-877529
-277574
534538
1113972
1536052
1917461
2128483
2202363
2034465
1597336
1183107
563043
-138215
-865976
-1383145
-1774951
-2063107
-2189003
-2202729
-1731240
-1392007
-910661
-209382
500900
1172976
1593160
1903031
2150863
2210369
2080180
1613764
1136184
607923
-218844
-832668
-1364885
-1808713
-2058956
-2189176
-2204421
-1761573
-1426084
-858846
-249513
563011
1143904
1568677
1944520
2153266
2218744
2120276
1592215
1169618
538197
-172631
-799314
-1405780
-1796133
-2046611
-2205101
-2218150
-1794293
-1381830
-892952
-289334
534159
1119766
1620142
1930905
2150201
2221661
2066266
1615599
1122287
581400
-122118
-863789
-1389316
-1783808
-2039382
-2205466
-2226944
-1753929
-1415670
-931815
-224547
499134
1178394
1599793
1925199
2147303
2231493
2108402
1590402
1155860
622665
-214468
-833290
-1363304
-1770624
-2071932
-2211736
-2232860
-1787612
-1446612
-878084
-265207
468166
1148333
1576798
1908674
2168166
2237798
2148399
1609711
1191336
660174
-161966
-796730
-1348019
-1808713
-2063571
-2212453
-2240650
-1824120
-1403490
-911382
-303727
436452
1118562
1552663
1946680
2168564
2243544
2098385
1633436
1144773
600316
-115740
-757445
-1396467
-1793379
-2054691
-2229052
-2250228
-1780823
-1438155
-947731
-235295
493296
1087486
1537769
1936654
2166611
2247573
2139924
1657093
1177402
637143
-57152
-723664
-1372481
-1778233
-2090455
-2227530
-2252158
-1813233
-1469165
-982019
-279155
464638
1058475
1585032
1929027
2165266
2257789
2175632
1677860
1212901
676396
-8406
-795548
-1349235
-1819652
-2082713
-2232250
-2259590
-1848304
-1498717
-930406
-319806
429437
1119396
1564908
1922166
2184522
2264981
2206841
1654252
1242503
714088
-97519
-754760
-1326287
-1804369
-2070683
-2248807
-2271110
-1886157
-1527759
-965132
-359099
488408
1092140
1545824
1950314
2183863
2269257
2163713
1678759
1276338
652953
-42589
-825078
-1379472
-1790567
-2105428
-2249855
-2282646
-1931287
-1490028
-1001438
-295214
457787
1059661
1593239
1943580
2183102
2279822
2204956
1704963
1232885
691799
7603
-790569
-1357187
-1834776
-2095532
-2249432
-2285927
-1877524
-1520929
-1036019
-328641
418718
1122701
1573934
1937257
2205256
2286623
2233567
1677151
1263147
728043
-81484
-753542
-1334412
-1817728
-2086395
-2252956
-2292901
-1918839
-1547247
-984562
-373728
483514
1092622
1550318
1928237
2199981
2290336
2195617
1699320
1299711
668736
-32049
-709139
-1382978
-1796635
-2075422
-2251700
-2300193
-1961044
-1512893
-1018271
-303756
448588
1055937
1598198
1956229
2194946
2293332
2233709
1725688
1329251
712398
26497
-779673
-1361719
-1779017
-2064687
-2266954
-2308744
-1904539
-1540410
-1055609
-345109
416620
1023317
1580033
1948046
2196401
2306536
2258937
1748442
1285812
750570
75510
-745898
-1332826
-1757584
-2097353
-2270576
-2312550
-1942923
-1575309
-999797
-389323
377121
1091049
1558310
1944259
2220209
2311951
2279986
1722660
1319839
788122
-11085
-707964
-1307444
-1807836
-2086304
-2271731
-2320815
-1988317
-1533230
-1038089
-430606
334892
1054343
1541641
1977897
2214637
2316080
2258098
1744100
1355673
728117
41049
-671976
-1366039
-1786477
-2072164
-2291915
-2326899
-2034440
-1564265
-1071849
-470033
408492
1020137
1526387
1965783
2213479
2324303
2286150
1765743
1304757
767403
92211
-631219
-1332420
-1766913
-2108569
-2287173
-2336825
-1971232
-1588819
-1104346
-400895
369466
990471
1565721
1956992
2236964
2333939
2303457
1742668
1336809
803791
3366
-701294
-1314324
-1816157
-2100324
-2289197
-2338655
-2015661
-1621164
-1056904
-443047
326604
1056823
1552132
1985024
2235725
2334807
2322243
1765497
1372478
744062
52411
-664295
-1364430
-1799624
-2091967
-2305910
-2346103
-2062992
-1583758
-1089596
-489178
401588
1024257
1595000
1980677
2230343
2346875
2311612
1791109
1406889
782327
101959
-626529
-1339445
-1774499
-2128667
-2306366
-2356005
-2107495
-1610789
-1124300
-420263
359475
988560
1575536
1968939
2221252
2351047
2329217
1817606
1357222
823267
19432
-694161
-1312357
-1825694
-2112719
-2309707
-2362318
-2040398
-1638097
-1071073
-457932
316123
1053706
1558421
1963656
2251886
2356633
2348995
1780828
1393741
860873
67104
-660761
-1284708
-1803093
-2106118
-2306504
-2370697
-2087223
-1666829
-1108190
-504983
394364
1022684
1538698
1990919
2247451
2360716
2338671
1805516
1427130
798448
119107
-731854
-1344461
-1782842
-2092628
-2330112
-2381345
-2021179
-1630258
-1143664
-429358
353442
985680
1523904
1984238
2243881
2374853
2351194
1837567
1378154
838753
32103
-691532
-1316251
-1757343
-2128375
-2329361
-2382707
-2067567
-1660558
-1085876
-475171
306671
1055515
1566176
1975398
2264495
2376318
2367100
1805236
1412571
874953
83677
-652322
-1285877
-1815904
-2114289
-2329118
-2388734
-2109366
-1685894
-1124646
-517814
257268
1021126
1546736
1963006
2260977
2381752
2358325
1829471
1447768
911882
132339
-621899
-1349318
-1789162
-2105618
-2342911
-2398012
-2049759
-1645648
-1159036
-563919
347780
981702
1530931
1998836
2258665
2392777
2376922
1858034
1399621
854874
177610
-588132
-1318474
-1766985
-2095173
-2344602
-2403958
-2092872
-1673704
-1197985
-608477
298732
952420
1571095
1985905
2250005
2396245
2386993
1888931
1432340
892119
225989
-648531
-1283237
-1817279
-2126939
-2342162
-2406427
-2139797
-1703214
-1235420
-535057
251609
1022097
1555775
1974278
2276260
2399606
2401319
1852447
1470444
933863
146841
-614662
-1351506
-1798983
-2117235
-2361892
-2419973
-2186241
-1727914
-1180000
-578512
336509
978590
1532958
2008776
2269933
2404714
2394821
1878084
1503285
871696
195143
-577511
-1318500
-1769231
-2149283
-2364722
-2420909
-2235054
-1693227
-1211954
-503443
286173
948216
1580505
1998605
2262749
2416765
2411938
1902594
1451552
911455
239862
-649517
-1288104
-1824685
-2138722
-2360590
-2424126
-2165213
-1715501
-1159362
-550507
238058
1017921
1561755
1984953
2293196
2413685
2423457
1875435
1488706
945514
159567
-609121
-1354301
-1799386
-2129102
-2360132
-2432907
-2216837
-1684342
-1196269
-594978
326219
979750
1542297
2020991
2291338
2419978
2417271
1901703
1522870
889185
211420
-576207
-1317068
-1775002
-2115076
-2376034
-2437739
-2148243
-1714335
-1230366
-517656
282452
944049
1587654
2008408
2277751
2430553
2428299
1927606
1475635
927005
254210
-639568
-1285261
-1751881
-2147071
-2372909
-2441881
-2203072
-1735076
-1173182
-560729
225485
905039
1566697
1996852
2311204
2433422
2443405
1890383
1509741
965769
172535
-604844
-1253511
-1801869
-2138106
-2391288
-2446991
-2247931
-1704442
-1208819
-609934
168260
976990
1547459
2029134
2297500
2431448
2438153
1917402
1547699
907634
220346
-567584
-1314012
-1777624
-2171366
-2387964
-2454935
-2178665
-1732488
-1252318
-533483
265187
939741
1595106
2019666
2292308
2448425
2449805
1949352
1490842
944324
267887
-635334
-1283582
-1752239
-2163345
-2387203
-2458377
-2228724
-1752710
-1287860
-577219
213578
900406
1574696
2005574
2322873
2448123
2462002
1983218
1525389
978790
192021
-599649
-1251324
-1806999
-2146948
-2384310
-2462480
-2273688
-1777425
-1227151
-628395
162494
975123
1554672
2042558
2313819
2451016
2457457
1941461
1562178
921021
234817
-560781
-1314760
-1782426
-2136665
-2396329
-2468278
-2325712
-1742471
-1265785
-670609
257239
935816
1530757
2029345
2303551
2451867
2471931
1973032
1599916
961582
279809
-625560
-1281601
-1752968
-2161724
-2402821
-2472275
-2251387
-1769814
-1304033
-598266
204362
896254
1581332
2014354
2289385
2468215
2483992
2011044
1550333
1000946
208175
-588058
-1242709
-1808926
-2155952
-2396402
-2479285
-2296229
-1793317
-1243444
-640490
147488
974679
1557359
1996361
2322834
2471982
2477096
1961734
1582680
943356
256166
-552394
-1312977
-1780014
-2131872
-2390737
-2476941
-2336331
-1763574
-1281192
-683830
245712
934536
1530592
2038236
2313709
2470902
2490694
1997903
1532833
985124
304627
-614985
-1277801
-1752620
-2123509
-2405214
-2480862
-2273380
-1780672
-1315937
-606735
188795
895439
1583284
2021403
2305279
2483333
2501006
2033942
1568615
1018249
341566
-579509
-1239228
-1722540
-2149173
-2399745
-2483975
-2314463
-1796464
-1350406
-655055
135305
854175
1561638
2002925
2341278
2484964
2506352
1979351
1605454
1057654
275648
-540459
-1200702
-1777301
-2139194
-2391377
-2474847
-2347363
-1770795
-1294102
-694949
76341
928448
1536426
2047612
2326650
2485682
2505071
2017204
1636448
995623
318102
-501348
-1274777
-1745428
-2124477
-2406509
-2486234
-2376529
-1787676
-1320788
-740066
174321
885732
1507928
2028600
2315749
2484289
2514900
2057271
1585355
1036381
361946
-567629
-1220779
-1718498
-2144599
-2372083
-2473120
-2304788
-1804840
-1356603
-659547
121572
849749
1562892
2010248
2303915
2496467
2521278
2093998
1622793
1076803
404025
-529033
-1187998
-1758173
-2107229
-2363334
-2453877
-2335836
-1800630
-1390305
-694273
60728
806242
1534697
1990429
2336454
2490320
2528304
2037701
1652862
1113106
331613
-492056
-1136301
-1693841
-2098282
-2341840
-2441140
-2376118
-1819102
-1328320
-742398
158297
874611
1509368
2032300
2316392
2492981
2531680
2070998
1689619
1055481
374370
-448039
-1215669
-1694098
-2078103
-2319392
-2412858
-2367843
-1808617
-1345915
-663386
101036
839850
1561467
2006330
2302640
2489774
2529916
2120272
1714523
1088991
421408
-490992
-1160535
-1656777
-2074930
-2325216
-2432434
-2280557
-1820495
-1373152
-703296
48938
791035
1528019
1987450
2283426
2500016
2532673
2155827
1668323
1129284
344095
-484420
-1093470
-1611013
-2039962
-2286276
-2366208
-2305624
-1802924
-1298640
-723508
153110
862474
1497248
1956121
2320832
2491442
2536182
2089188
1695596
1058457
383923
-423717
-1168750
-1622566
-1996703
-2205630
-2300184
-2267000
-1785464
-1295225
-736374
89112
825076
1456506
2002740
2298206
2490421
2532899
2131208
1723059
1094588
437186
-474570
-1094210
-1559981
-1968793
-2185796
-2254929
-2184952
-1709870
-1314972
-655884
30942
781840
1512131
1967824
2279710
2492888
2529516
2161940
1668023
1128872
494652
-446030
-1030773
-1495546
-1897522
-2118097
-2216188
-2159335
-1667035
-1229284
-678034
-19081
739890
1476736
1932081
2300042
2478337
2524849
2093977
1691617
1167629
416625
-400038
-947645
-1516756
-1857844
-2031233
-2123741
-2096983
-1575457
-1236360
-687439
-50490
786601
1433013
1970802
2275455
2466785
2514380
2123021
1715266
1202997
451165
-332306
-992185
-1422965
-1780227
-1993145
-2099746
-1996030
-1552649
-1211833
-692725
25699
747153
1479345
1938446
2246451
2464368
2504589
2160031
1651079
1111921
503888
-373548
-894020
-1344350
-1711677
-1952781
-2017354
-1954521
-1488305
-1179981
-555725
795
742573
1450561
1892530
2215832
2442153
2497052
2190949
1673935
1158763
407698
-307476
-849577
-1327046
-1651474
-1811603
-1911770
-1884085
-1460507
-1049409
-572427
-34859
768543
1416927
1933903
2228227
2423641
2482533
2093840
1684044
1070686
440190
-255897
-842881
-1225195
-1557278
-1777582
-1776211
-1772061
-1352265
-1021762
-586126
65157
747240
1323951
1882859
2220538
2396718
2460316
2124689
1694500
1128810
493938
-148864
-723791
-1123849
-1429244
-1643782
-1695639
-1659096
-1244832
-974629
-511631
43781
700585
1406042
1835731
2151811
2386447
2437813
2146003
1630219
1137846
568262
-180693
-665421
-1003099
-1318655
-1531857
-1577776
-1562966
-1138878
-836583
-472755
56676
757367
1315332
1784081
2126763
2356406
2410770
2055341
1631202
1169450
540266
-81571
-575132
-939047
-1229430
-1423137
-1507670
-1471100
-1120733
-691403
-424735
192292
765300
1314179
1806627
2119335
2316727
2382656
2073031
1643297
1111659
558723
28289
-524468
-782922
-1115470
-1321634
-1364779
-1307410
-973172
-704886
-349277
180202
698886
1272090
1745898
2077072
2308341
2355456
1960650
1599743
1112703
517262
-25121
-479969
-741656
-998722
-1198231
-1281685
-1203278
-857727
-580854
-306397
199564
732483
1326169
1704053
2075428
2261093
2307560
1957639
1599943
1173912
610495
80030
-339458
-750512
-862845
-1078986
-1146620
-1143610
-757014
-577445
-250391
223203
803176
1275515
1726954
1980229
2206728
2286375
1992953
1602747
1121867
683059
182343
-299105
-588306
-871331
-933186
-1057705
-1033989
-687733
-460932
-156577
359744
758895
1326837
1685531
1954511
2200325
2248017
1971375
1548298
1134103
746740
218072
-121056
-446327
-720172
-865244
-946485
-927730
-594693
-335545
37238
409767
864434
1318647
1629003
1970478
2158439
2225525
1987524
1539339
1201616
745987
362129
-13644
-350412
-573301
-759504
-808899
-801490
-468881
-210385
70854
536357
887800
1359269
1660440
1895765
2105948
2149470
1895395
1564340
1163364
810440
437330
102104
-240351
-460008
-646839
-706826
-686741
-398063
-131338
227123
553239
921472
1356113
1643439
1855105
2073819
2098789
1889467
1576332
1190579
913460
431523
168516
-128972
-390121
-572389
-597023
-603095
-298726
-65233
275200
564250
1005025
1341852
1579540
1826313
2014548
2077973
1811009
1538272
1242558
892686
538253
240038
-82761
-302218
-476518
-554010
-529419
-236458
688
320354
694278
1151264
1321409
1537571
1792972
1990027
2015319
1811919
1543343
1270504
995388
646622
280730
26834
-209753
-371653
-452692
-467695
-141307
92032
371350
729358
1115101
1347251
1624549
1797340
1948228
1980857
1879189
1541544
1284402
1074684
719916
365924
76491
-134498
-310057
-384029
-359965
-52686
154721
480408
824157
1156057
1376720
1645668
1734073
1900380
1945902
1761555
1501176
1336943
1114056
810089
499799
159594
-72745
-228270
-289209
-310805
-1755
223830
514993
836280
1188404
1399268
1734366
1831106
1922342
1922981
1765307
1601780
1395833
1220441
902024
534723
240965
-5264
-181173
-261599
-194688
95803
298282
592630
968747
1285919
1507798
1687528
1748774
1866147
2008308
1772354
1678357
1539888
1299590
963401
599292
315347
87200
-121793
-175508
-177133
113771
366413
640116
998440
1332503
1652989
1624996
1707855
1848554
1883627
1789884
1646075
1606491
1361727
987018
703368
369183
140375
-52747
-125350
-128293
175295
419600
730490
1044804
1396317
1585747
1695999
1824222
1936089
1968630
1823311
1702521
1589382
1408151
1074514
721642
446546
189470
18517
-43255
-79821
270360
460452
735110
1151397
1469821
1657028
1823162
1914762
1864261
1888478
1861095
1839904
1679403
1456096
1188348
796251
529250
249693
101849
-2486
4738
319062
525210
880895
1220898
1504124
1760473
1856367
1871082
1858653
1923387
1856061
1825221
1757094
1551660
1161537
865683
510483
340914
130741
54551
64842
348293
559779
882757
1150287
1556304
1778792
1894781
1972033
1937735
1935220
1970439
1919708
1806360
1585055
1253354
990893
583894
341334
202855
82479
93666
332386
606459
919260
1202976
1604339
1797591
1968616
2027992
2025570
1998920
1989684
2004329
1810408
1574272
1278761
879733
635103
393290
156794
70131
87815
371855
632842
910559
1293671
1558877
1811264
1988335
2084018
2093102
2103893
2065552
1979272
1802846
1595720
1246036
912509
641502
344026
202367
79824
114384
410997
712648
905973
1260069
1571941
1841709
1996616
2112293
2172368
2113778
2145820
2020062
1861325
1604751
1277453
984945
617321
391989
269104
177510
151170
433208
673271
946146
1232150
1611520
1862235
2007896
2167061
2197625
2189258
2149476
2054276
1881812
1674070
1326582
993443
699520
412259
307652
190667
185852
425734
701115
934461
1301892
1647333
1851271
2086350
2156201
2226426
2252673
2235419
2089035
1900209
1704781
1317049
1023915
782587
452932
294005
206823
186746
462722
684008
962335
1302797
1669094
1910115
2091286
2207547
2240246
2241594
2253086
2114895
1955239
1755980
1356071
1039041
729663
511336
328603
193591
199846
480948
656334
1001957
1313890
1669758
1913128
2072575
2175240
2222507
2275946
2219160
2106926
1944561
1756095
1400181
1105108
760581
510145
374551
253682
248898
482795
748487
990265
1364554
1727193
1949392
2141387
2223873
2296334
2302185
2260915
2128101
1992272
1784317
1462524
1049102
775918
564769
360396
258196
269022
522821
717835
1032057
1345844
1650426
1934112
2111141
2198866
2273151
2317846
2315332
2112574
1971296
1791516
1407182
1112453
761035
506413
405855
274308
236776
539615
694898
1011774
1340597
1745527
1964707
2133475
2259005
2307927
2321667
2310694
2148102
2027692
1777811
1453169
1121610
781365
580209
396896
285319
296488
487891
766026
1018101
1403587
1752788
1977347
2124284
2254927
2313774
2349494
2309448
2155461
1973274
1782550
1477588
1092515
794312
571288
396182
290936
296073
520806
735358
1012043
1389932
1719459
1941634
2154324
2247192
2306277
2328896
2313454
2141476
2015775
1807843
1441433
1135100
833465
566263
399260
297803
291797
557706
730863
1040401
1359144
1676892
1976829
2143203
2230115
2307844
2326775
2316610
2178378
2079821
1851869
1480820
1156810
835079
575645
427005
309003
306168
573948
789590
1057364
1353207
1744165
1990549
2140938
2270519
2326862
2313514
2314725
2163215
2026205
1805382
1518083
1190623
861520
613659
428527
347067
317176
566067
769105
1047303
1386864
1743055
1972697
2146584
2245578
2314533
2347047
2336127
2155692
2023667
1820492
1470288
1166749
893114
614115
455701
370239
334109
564096
799040
1068021
1382939
1709441
1977798
2128752
2214654
2302909
1590588
2006015
2220775
2034590
1854065
1502416
1212334
853911
612501
462780
367255
334380
581120
807166
1057835
1353371
1762925
1991093
2147546
-2090734
-1554617
-1610612
-1591429
-1583240
2485770
1895006
1682588
1294642
1001036
777497
623769
522620
514734
742982
941001
1196868
1523292
1852503
2073053
-1220143
-1743215
-1654020
-1652416
-1643626
-1633894
-1622699
2848987
1961843
1469992
1226468
956217
819347
696880
697026
919390
1120891
1406926
1690886
1998828
-1678920
-1698160
-1690053
-1678548
-1667681
-1658108
-1646786
-1637156
-1627316
2038109
1740000
1382982
1172698
1022616
949544
881016
1077158
1310643
1540772
1815112
-3425986
-1520588
-1723251
-1270737
-8388608
1806014
-1387903
2859832
-1907330
-1555734
-1610439
1618720
1588672
1447867
1336476
1202735
1163321
1366964
1566789
1806846
2107100
-1197951
-1720906
-8388608
-1903794
-1491145
-1529150
-1580406
-1561253
-3218298
-1353939
-1565274
3136281
1776714
1774746
1542835
1443381
1423421
1619346
1748582
2080077
-1041171
-1691556
-8388608
-629962
-1695652
-1551643
-1539400
-1530649
-1520176
-1511331
-8388608
-1907078
-1417659
2855472
1949739
1791811
1657818
1661543
1798794
2050582
2250390
-1095545
-712883
850031
-1872592
-1544127
-1494289
-1491675
-1480754
-1472054
-1463456
-1453586
-1763080
-327085
-1269203
1824082
2032891
1937918
1932238
2135379
2290266
-1020286
-1440499
2959159
-2215895
-1542386
-1416681
-1426424
-1414504
-1406004
-1397821
-1388290
-1380175
-1373101
1884297
-1810420
-1272825
2708391
2242446
2260344
2431753
-986305
-1438350
-4294916
-1027019
-1408039
-1357613
-1317074
-1311988
-1305115
-1297363
-1289798
-1281005
-1273518
-1264837
-2925730
-2903589
-1280870
-1224911
-1222503
-933556
418564
-1454647
-818846
-3192173
-1028738
-1196768
-1155389
-1151494
-1146151
-1139230
-1131491
-1124882
-1118307
-1111771
-1104193
-1097739
-8224273
-625620
-1139712
-1068729
-1056852
-1051477
-1047527
-5107800
-502571
-987096
-1013359
-1003144
-996858
-990965
-985185
-978469
-972750
-967064
-960472
-954858
-948350
-942807
-8255115
-1664314
-825986
-929853
-908527
3986997
-1412875
-881447
-872631
-867029
-861136
-856305
-851266
-845469
-840528
-835615
-829919
-825068
-819445
-814655
-809893
-804373
-4238906
1447485
-1091949
-8306051
492987
-665999
-779882
-758163
-755131
-750748
-746360
-741272
-736939
-732632
-727639
-723385
-719157
-714255
-710081
-705241
-701119
-697020
-692946
-688223
-684201
-679537
-675565
-671616
-667039
-663140
-659264
-655410
-650943
-647138
-642727
-638970
-635236
-630906
-627218
-622943
-619302
-615682
-612083
-607911
-604358
-600239
-596730
-593243
-589199
-585755
-582331
-578362
-574982
-571621
-567725
-564406
-561107
-557283
-554025
-550787
-547033
-543836
-540657
-536972
-533833
-530194
-527095
-524015
-520443
-517401
-514377
-511370
-507885
-504916
-501474
-498543
-495629
-492251
-489374
-486513
-483197
-480373
-477565
-474310
-471538
-468782
-465586
-462865
-459710
-457023
-454352
-451696
-448617
-445995
-442955
-440366
-437792
-434808
-432267
-429740
-426811
-424316
-421836
-418961
-416512
-414077
-411255
-408851
-406065
-403691
-401332
-398596
-396266
-393950
-391265
-388978
-386704
-384069
-381824
-379592
-377005
-374801
-372610
-370071
-367907
-365400
-363264
-361141
-358679
-356583
-354498
-352426
-350024
-347978
-345607
-343586
-341578
-339250
-337267
-335296
-333010
-331064
-329129
-326885
-324975
-322760
-320873
-318998
-316823
-314972
-313131
-310996
-309178
-307371
-305276
-303492
-301718
-299661
-297910
-296169
-294150
-292431
-290721
-288740
-287052
-285374
-283429
-281773
-280126
-278216
-276590
-274973
-273099
-271503
-269916
-268076
-266509
-264693
-263146
-261607
-260078
-258306
-256796
-255046
-253555
-252073
-250355
-248891
-247195
-245750
-244314
-242886
-241230
-239820
-238185
-236793
-235409
-233805
-232438
-231079
-229504
-228163
-226829
-225283
-223966
-222657
-221140
-219847
-218349
-217072
-215804
-214542
-213080
-211834
-210391
-209161
-207938
-206521
-205314
-204114
-202723
-201538
-200360
-198994
-197831
-196675
-195334
-194192
-193057
-191741
-190621
-189506
-188215
-187115
-186021
-184753
-183673
-182421
-181355
-180295
-179066
-178019
-176979
-175944
-174745
-173724
-172540
-171531
-170362
-169366
-168376
-167392
-166251
-165279
-164313
-163193
-162240
-161134
-160192
-159256
-158170
-157246
-156326
-155261
-154353
-153451
-152405
-151515
-150629
-149602
-148728
-147858
-146851
-145992
-145139
-144150
-143307
-142330
-141498
-140671
-139849
-138896
-138084
-137143
-136341
-135544
-134621
-133834
-133051
-132145
-131372
-130604
-129841
-128956
-128202
-127328
-126584
-125721
-124986
-124256
-123409
-122688
-121971
-121258
-120431
-119727
-119027
-118216
-117525
-116724
-116042
-115364
-114689
-113908
-113242
-112470
-111812
-111159
-110401
-109756
-109114
-108371
-107737
-107108
-106378
-105756
-105035
-104421
-103811
-103103
-102500
-101901
-101306
-100615
-100027
-99345
-98765
-98187
-97518
-96948
-96381
-95725
-95165
-94609
-93964
-93415
-92778
-92236
-91697
-91072
-90539
-90010
-89397
-88874
-88355
-87752
-87239
-86730
-86138
-85635
-85134
-84554
-84060
-83569
-82999
-82514
-82031
-81472
-80996
-80444
-79974
-79506
-79042
-78503
-78044
-77512
-77059
-76609
-76087
-75642
-75200
-74760
-74251
-73817
-73313
-72885
-72459
-71965
-71544
-71057
-70641
-70229
-69818
-69342
-68937
-68467
-68067
-67669
-67208
-66815
-66424
-65972
-65586
-65203
-64758
-64380
-64003
-63567
-63196
-62826
-62398
-62033
-61671
-61250
-60892
-60536
-60124
-59772
-59365
-59018
-58673
-58273
-57933
-57594
-57201
-56867
-56535
-56149
-55821
-55495
-55117
-54794
-54474
-54103
-53787
-53472
-53108
-52797
-52438
-52131
-51826
-51523
-51172
-50873
-50526
-50231
-49937
-49597
-49307
-49019
-48685
-48400
-48117
-47789
-47510
-47232
-46910
-46636
-46318
-46048
-45779
-45511
-45201
-44937
-44630
-44369
-44110
-43809
-43553
-43299
-43004
-42752
-42502
-42213
-41966
-41680
-41436
-41194
-40913
-40674
-40437
-40200
-39926
-39693
-39422
-39192
-38963
-38697
-38471
-38246
-37985
-37763
-37543
-37287
-37069
-36852
-36601
-36387
-36139
-35928
-35718
-35509
-35267
-35061
-34856
-34618
-34416
-34181
-33982
-33783
-33553
-33357
-33162
-32936
-32743
-32552
-32330
-32141
-31953
-31735
-31550
-31365
-31152
-30970
-30789
-30579
-30400
-30193
-30016
-29841
-29666
-29464
-29292
-29092
-28922
-28753
-28557
-28390
-28197
-28032
-27868
-27705
-27516
-27356
-27169
-27010
-26853
-26669
-26514
-26359
-26179
-26026
-25874
-25697
-25547
-25398
-25225
-25077
-24931
-24761
-24616
-24472
-24306
-24163
-24022
-23858
-23719
-23580
-23420
-23283
-23124
-22989
-22855
-22699
-22566
-22434
-22281
-22151
-22022
-21872
-21744
-21617
-21469
-21344
-21219
-21074
-20951
-20829
-20687
-20566
-20446
-20306
-20188
-20070
-19933
-19816
-19681
-19566
-19452
-19319
-19206
-19094
-18964
-18853
-18743
-18615
-18506
-18398
-18273
-18166
-18060
-17937
-17832
-17710
-17607
-17504
-17385
-17283
-17182
-17065
-16965
-16866
-16751
-16653
-16556
-16443
-16347
-16251
-16141
-16046
-15952
-15844
-15751
-15659
-15552
-15461
-15371
-15266
-15177
-15074
-14985
-14898
-14811
-14710
-14624
-14524
-14439
-14355
-14257
-14174
-14091
-13995
-13913
-13832
-13737
-13657
-13577
-13485
-13406
-13328
-13237
-13159
-13083
-12993
-12917
-12842
-12754
-12680
-12593
-12520
-12447
-12362
-12290
-12218
-12134
-12064
-11993
-11911
-11842
-11772
-11692
-11624
-11556
-11477
-11410
-11343
-11266
-11200
-11124
-11059
-10994
-10930
-10855
-10792
-10718
-10656
-10594
-10521
-10460
-10399
-10328
-10267
-10207
-10138
-10079
-10020
-9951
-9893
-9826
-9768
-9711
-9655
-9589
-9533
-9468
-9412
-9357
-9294
-9239
-9185
-9123
-9069
-9016
-8955
-8903
-8842
-8790
-8739
-8679
-8629
-8578
-8528
-8470
-8420
-8363
-8314
-8266
-8209
-8161
-8113
-8058
-8011
-7964
-7910
-7864
-7818
-7765
-7719
-7674
-7622
-7577
-7533
-7482
-7438
-7394
-7344
-7301
-7251
-7209
-7167
-7118
-7076
-7035
-6987
-6946
-6906
-6859
-6818
-6779
-6732
-6693
-6654
-6609
-6570
-6532
-6487
-6449
-6405
-6368
-6330
-6293
-6251
-6214
-6172
-6136
-6100
-6058
-6023
-5982
-5947
-5912
-5877
-5837
-5803
-5764
-5730
-5697
-5658
-5625
-5592
-5554
-5521
-5489
-5452
-5420
-5388
-5351
-5320
-5289
-5253
-5222
-5192
-5156
-5126
-5096
-5061
-5032
-5002
-4968
-4939
-4906
-4877
-4849
-4820
-4787
-4759
-4727
-4699
-4672
-4640
-4613
-4586
-4555
-4528
-4502
-4471
-4445
-4419
-4389
-4363
-4333
-4308
-4283
-4258
-4229
-4204
-4175
-4151
-4127
-4099
-4075
-4051
-4027
-4000
-3976
-3949
-3926
-3903
-3877
-3854
-3831
-3805
-3783
-3761
-3735
-3713
-3692
-3667
-3645
-3620
-3599
-3578
-3557
-3533
-3512
-3488
-3468
-3448
-3424
-3404
-3384
-3365
-3342
-3322
-3299
-3280
-3261
-3239
-3220
-3198
-3179
-3161
-3142
-3121
-3103
-3081
-3063
-3045
-3025
-3007
-2989
-2969
-2952
-2935
-2915
-2897
-2881
-2861
-2844
-2825
-2808
-2792
-2776
-2757
-2741
-2722
-2706
-2690
-2672
-2656
-2641
-2623
-2607
-2592
-2574
-2559
-2542
-2527
-2512
-2498
-2481
-2466
-2452
-2435
-2421
-2404
-2390
-2376
-2360
-2346
-2333
-2317
-2303
-2290
-2274
-2261
-2248
-2232
-2219
-2206
-2191
-2178
-2166
-2151
-2138
-2126
-2111
-2099
-2085
-2073
-2060
-2048
-2034
-2023
-2009
-1997
-1985
-1972
-1960
-1949
-1936
-1924
-1913
-1900
-1889
-1878
-1865
-1854
-1842
-1831
-1820
-1809
-1797
-1787
-1774
-1764
-1754
-1742
-1732
-1721
-1710
-1700
-1690
-1678
-1669
-1659
-1647
-1638
-1628
-1617
-1608
-1598
-1587
-1578
-1567
-1558
-1549
-1539
-1530
-1521
-1510
-1501
-1493
-1483
-1474
-1465
-1455
-1447
-1438
-1429
-1420
-1412
-1402
-1394
-1386
-1376
-1368
-1359
-1351
-1343
-1335
-1326
-1319
-1310
-1302
-1294
-1286
-1278
-1271
-1262
-1255
-1247
-1239
-1231
-1224
-1216
-1209
-1201
-1194
-1187
-1178
-1172
-1165
-1158
-1150
-1143
-1137
-1129
-1122
-1115
-1108
-1102
-1095
-1088
-1081
-1074
-1068
-1062
-1054
-1048
-1042
-1035
-1029
-1023
-1016
-1010
-1003
-997
-991
-985
-979
-973
-967
-961
-955
-949
-943
-938
-931
-926
-920
-914
-909
-904
-897
-892
-886
-881
-876
-870
-865
-860
-854
-849
-844
-838
-833
-828
-823
-818
-813
-808
-803
-798
-793
-788
-784
-778
-774
-768
-764
-759
-755
-750
-745
-740
-736
-732
-727
-723
-718
-714
-709
-705
-700
-696
-692
-687
-683
-679
-675
-671
-667
-662
-659
-654
-650
-646
-642
-638
-635
-630
-627
-623
-619
-615
-611
-607
-604
-600
-596
-593
-589
-585
-582
-578
-574
-571
-567
-564
-561
-557
-553
-550
-547
-543
-540
-536
-533
-530
-527
-524
-520
-517
-514
-510
-507
-504
-501
-498
-495
-492
-489
-486
-483
-480
-477
-474
-471
-468
-465
-463
-460
-457
-454
-451
-448
-446
-443
-440
-437
-434
-432
-429
-427
-424
-422
-419
-416
-414
-411
-409
-406
-403
-401
-398
-396
-394
-391
-389
-386
-384
-382
-379
-377
-375
-372
-370
-368
-365
-363
-361
-359
-356
-354
-352
-350
-348
-345
-343
-341
-339
-337
-335
-333
-331
-329
-327
-325
-323
-321
-319
-317
-315
-313
-311
-309
-307
-305
-303
-302
-300
-298
-296
-294
-292
-291
-289
-287
-285
-283
-282
-280
-278
-277
-275
-273
-271
-270
-268
-267
-265
-263
-262
-260
-258
-257
-255
-254
-252
-250
-249
-247
-246
-244
-243
-241
-240
-238
-237
-235
-234
-233
-231
-230
-228
-227
-225
-224
-223
-221
-220
-219
-217
-216
-215
-213
-212
-210
-209
-208
-207
-205
-204
-203
-202
-200
-199
-198
-197
-195
-194
-193
-192
-191
-190
-188
-187
-186
-185
-184
-183
-182
-180
-179
-178
-177
-176
-175
-174
-173
-172
-171
-170
-169
-168
-166
-165
-165
-163
-162
-161
-160
-159
-159
-157
-157
-155
-155
-154
-153
-152
-151
-150
-149
-148
-147
-146
-145
-144
-144
-143
-142
-141
-140
-139
-138
-137
-137
-136
-135
-134
-133
-132
-132
-131
-130
-129
-128
-128
-127
-126
-125
-125
-124
-123
-122
-121
-121
-120
-119
-118
-118
-117
-116
-116
-115
-114
-114
-113
-112
-111
-111
-110
-109
-109
-108
-107
-107
-106
-105
-105
-104
-104
-103
-102
-102
-101
-100
-100
-99
-99
-98
-97
-97
-96
-95
-95
-94
-94
-93
-93
-92
-91
-91
-90
-90
-89
-89
-88
-88
-87
-86
-86
-85
-85
-84
-84
-83
-83
-82
-82
-81
-81
-80
-80
-79
-79
-78
-78
-77
-77
-76
-76
-76
-75
-75
-74
-74
-73
-73
-72
-72
-71
-71
-71
-70
-70
-69
-69
-68
-68
-68
-67
-67
-66
-66
-66
-65
-65
-64
-64
-64
-63
-63
-62
-62
-62
-61
-61
-61
-60
-60
-59
-59
-59
-58
-58
-58
-57
-57
-57
-56
-56
-56
-55
-55
-55
-54
-54
-54
-53
-53
-53
-52
-52
-52
-51
-51
-51
-50
-50
-50
-49
-49
-49
-49
-48
-48
-48
-47
-47
-47
-46
-46
-46
-46
-45
-45
-45
-45
-44
-44
-44
-43
-43
-43
-43
-42
-42
-42
-42
-41
-41
-41
-41
-40
-40
-40
-40
-39
-39
-39
-39
-38
-38
-38
-38
-37
-37
-37
-37
-37
-36
-36
-36
-36
-35
-35
-35
-35
-35
-34
-34
-34
-34
-34
-33
-33
-33
-33
-33
-32
-32
-32
-32
-32
-31
-31
-31
-31
-31
-30
-30
-30
-30
-30
-30
-29
-29
-29
-29
-29
-28
-28
-28
-28
-28
-28
-27
-27
-27
-27
-27
-27
-26
-26
-26
-26
-26
-26
-26
-25
-25
-25
-25
-25
-25
-24
-24
-24
-24
-24
-24
-24
-23
-23
-23
-23
-23
-23
-23
-22
-22
-22
-22
-22
-22
-22
-22
-21
-21
-21
-21
-21
-21
-21
-21
-20
-20
-20
-20
-20
-20
-20
-20
-19
-19
-19
-19
-19
-19
-19
-19
-19
-18
-18
-18
-18
-18
-18
-18
-18
-18
-17
-17
-17
-17
-17
-17
-17
-17
-17
-17
-16
-16
-16
-16
-16
-16
-16
-16
-16
-16
-15
-15
-15
-15
-15
-15
-15
-15
-15
-15
-15
-14
-14
-14
-14
-14
-14
-14
-14
-14
-14
-14
-14
-13
-13
-13
-13
-13
-13
-13
-13
-13
-13
-13
-13
-13
-12
-12
-12
-12
-12
-12
-12
-12
-12
-12
-12
-12
-12
-12
-11
-11
-11
-11
-11
-11
-11
-11
-11
-11
-11
-11
-11
-11
-11
-10
-10
-10
-10
-10
-10
-10
-10
-10
-10
-10
-10
-10
-10
-10
-10
-10
-9
-9
-9
-9
-9
-9
-9
-9
-9
-9
-9
-9
-9
-9
-9
-9
-9
-9
-9
-8
-8
-8
-8
-8
-8
-8
-8
-8
-8
-8
-8
-8
-8
-8
-8
-8
-8
-8
-8
-8
-8
-7
-7
-7
-7
-7
-7
-7
-7
-7
-7
-7
-7
-7
-7
-7
-7
-7
-7
-7
-7
-7
-7
-7
-7
-7
-6
-6
-6
-6
-6
-6
-6
-6
-6
-6
-6
-6
-6
-6
-6
-6
-6
-6
-6
-6
-6
-6
-6
-6
-6
-6
-6
-6
-6
-5
-5
-5
-5
-5
-5
-5
-5
-5
-5
-5
-5
-5
-5
-5
-5
-5
-5
-5
-5
-5
-5
-5
-5
-5
-5
-5
-5
-5
-5
-5
-5
-5
-5
-5
-5
-4
-4
-4
-4
-4
-4
-4
-4
-4
-4
-4
-4
-4
-4
-4
-4
-4
-4
-4
-4
-4
-4
-4
-4
-4
-4
-4
-4
-4
-4
-4
-4
-4
-4
-4
-4
-4
-4
-4
-4
-4
-4
-4
-4
-4
-4
-4
-3
-3
-3
-3
-3
-3
-3
-3
-3
-3
-3
-3
-3
-3
-3
-3
-3
-3
-3
-3
-3
-3
-3
-3
-3
-3
-3
-3
-3
-3
-3
-3
-3
-3
-3
-3
-3
-3
-3
-3
-3
-3
-3
-3
-3
-3
-3
-3
-3
-3
-3
-3
-3
-3
-3
-3
-3
-3
-3
-3
-3
-3
-3
-3
-3
-2
-2
-2
-2
-2
-2
-2
-2
-2
-2
-2
-2
-2
-2
-2
-2
-2
-2
-2
-2
-2
-2
-2
-2
-2
-2
-2
-2
-2
-2
-2
-2
-2
-2
-2
-2
-2
-2
-2
-2
-2
-2
-2
-2
-2
-2
-2
-2
-2
-2
-2
-2
-2
-2
-2
-2
-2
-2
-2
-2
-2
-2
-2
-2
-2
-2
-2
-2
-2
-2
-2
-2
-2
-2
-2
-2
-2
-2
-2
-2
-2
-2
-2
-2
-2
-2
-2
-2
-2
-2
-2
-2
-2
-2
-2
-2
-2
-2
-2
-2
-2
-2
-2
-2
-2
-2
-2
-2
-2
-2
-2
-2
-1
-1
-1
-1
-1
-1
-1
-1
-1
-1
-1
-1
-1
-1
-1
-1
-1
-1
-1
-1
-1
-1
-1
-1
-1
-1
-1
-1
-1
-1
-1
-1
-1
-1
-1
-1
-1
-1
-1
-1
-1
-1
-1
-1
-1
-1
-1
-1
-1
-1
-1
-1
-1
-1
-1
-1
-1
-1
-1
-1
-1
-1
-1
-1
-1
-1
-1
-1
-1
-1
-1
-1
-1
-1
-1
-1
-1
-1
-1
-1
-1
-1
-1
-1
-1
-1
-1
-1
-1
-1
-1
-1
-1
-1
-1
-1
-1
-1
-1
-1
-1
-1
-1
-1
-1
-1
-1
-1
-1
-1
-1
-1
-1
-1
-1
-1
-1
-1
-1
-1
-1
-1
-1
-1
-1
-1
-1
-1
-1
-1
-1
-1
-1
-1
-1
-1
-1
-1
-1
-1
-1
-1
-1
-1
-1
-1
-1
-1
-1
-1
-1
-1
-1
-1
-1
-1
-1
-1
-1
-1
-1
-1
-1
-1
-1
-1
-1
-1
-1
-1
-1
-1
-1
-1
-1
-1
-1
-1
-1
-1
-1
-1
-1
-1
-1
-1
-1
-1
-1
-1
-1
-1
-1
-1
-1
-1
-1
-1
-1
-1
-1
-1
-1
-1
-1
-1
-1
-1
-1
-1
-1
-1
-1
-1
-1
-1
-1
-1
-1
-1
-1
-1
-1
-1
-1
-1
-1
-1
-1
-1
-1
-1
-1
-1
-1
-1
-1
-1
-1
-1
-1
-1
-1
-1
-1
-1
-1
-1
-1
-1
-1
-1
-1
-1
-1
-1
-1
-1
-1
-1
-1
-1
-1
-1
-1
-1
-1
-1
-1
-1
-1
-1
-1
-1
-1
-1
-1
-1
-1
-1
-1
-1
-1
-1
-1
-1
-1
-1
-1
-1
-1
-1
-1
-1
-1
-1
-1
-1
-1
-1
-1
-1
-1
-1
-1
-1
-1
-1
-1
-1
-1
-1
-1
-1
-1
-1
-1
-1
-1
-1
-1
-1
-1
-1
-1
-1
-1
-1
-1
-1
-1
-1
-1
-1
-1
-1
-1
-1
-1
-1
-1
-1
-1
-1
-1
-1
-1
-1
-1
-1
-1
-1
-1
-1
-1
-1
-1
-1
-1
-1
-1
-1
-1
-1
-1
-1
-1
-1
-1
-1
-1
-1
-1
-1
-1
-1
-1
-1
-1
-1
-1
-1
-1
-1
-1
-1
-1
-1
-1
-1
-1
-1
-1
-1
-1
-1
-1
-1
-1
-1
-1
-1
-1
-1
-1
-1
-1
-1
-1
-1
-1
-1
-1
-1
-1
-1
-1
-1
-1
-1
-1
-1
-1
-1
-1
-1
-1
-1
-1
-1
-1
-1
-1
-1
-1
-1
-1
-1
-1
-1
-1
-1
-1
-1
-1
-1
-1
-1
-1
-1
-1
-1
-1
-1
-1
-1
-1
-1
-1
-1
-1
-1
-1
-1
-1
-1
-1
-1
-1
-1
-1
-1
-1
-1
-1
-1
-1
-1
-1
-1
-1
-1
-1
-1
-1
-1
-1
-1
-1
-1
-1
-1
-1
-1
-1
-1
-1
-1
-1
-1
-1
-1
-1
-1
-1
-1
-1
-1
-1
-1
-1
-1
-1
-1
-1
-1
-1
-1
-1
-1
-1
-1
-1
-1
-1
-1
-1
-1
-1
-1
-1
-1
-1
-1
-1
-1
-1
-1
-1
-1
-1
-1
-1
-1
-1
-1
-1
-1
-1
-1
-1
-1
-1
-1
-1
-1
-1
-1
-1
-1
-1
-1
-1
-1
-1
-1
-1
-1
-1
-1
-1
-1
-1
-1
-1
-1
-1
-1
-1
-1
-1
-1
-1
-1
-1
-1
-1
-1
-1
-1
-1
-1
-1
-1
-1
-1
-1
-1
-1
-1
-1
-1
-1
-1
-1
-1
-1
-1
-1
-1
-1
-1
-1
-1
-1
-1
-1
-1
-1
-1
-1
-1
-1
-1
-1
-1
-1
-1
-1
-1
-1
-1
-1
-1
-1
-1
-1
-1
-1
-1
-1
-1
-1
-1
-1
-1
-1
-1
-1
-1
-1
-1
-1
-1
-1
-1
-1
-1
-1
-1
-1
-1
-1
-1
-1
-1
-1
-1
-1
-1
-1
-1
-1
-1
-1
-1
-1
-1
-1
-1
-1
-1
-1
-1
-1
-1
-1
-1
-1
-1
-1
-1
-1
-1
-1
-1
-1
-1
-1
-1
-1
-1
-1
-1
-1
-1
-1
-1
-1
-1
-1
-1
-1
-1
-1
-1
-1
-1
-1
-1
-1
-1
-1
-1
-1
-1
-1
-1
-1
-1
-1
-1
-1
-1
-1
-1
-1
-1
-1
-1
-1
-1
-1
-1
-1
-1
-1
-1
-1
-1
-1
-1
-1
-1
-1
-1
-1
-1
-1
-1
-1
-1
-1
-1
-1
-1
-1
-1
-1
-1
-1
-1
-1
-1
-1
-1
-1
-1
-1
-1
-1
-1
-1
-1
-1
-1
-1
-1
-1
-1
-1
-1
-1
-1
-1
-1
-1
-1
-1
-1
-1
-1
-1
-1
-1
-1
-1
-1
-1
-1
-1
-1
-1
-1
-1
-1
-1
-1
-1
-1
-1
-1
-1
-1
-1
-1
-1
-1
-1
-1
-1
-1
-1
-1
-1
-1
-1
-1
-1
-1
-1
-1
-1
-1
-1
-1
-1
-1
-1
-1
-1
-1
-1
-1
-1
-1
-1
-1
-1
-1
-1
-1
-1
-1
-1
-1
-1
-1
-1
-1
-1
-1
-1
-1
-1
-1
-1
-1
-1
-1
-1
-1
-1
-1
-1
-1
-1
-1
-1
-1
-1
-1
-1
-1
-1
-1
-1
-1
-1
-1
-1
-1
-1
-1
-1
-1
-1
-1
-1
-1
-1
-1
-1
-1
-1
-1
-1
-1
-1
-1
-1
-1
-1
-1
-1
-1
-1
-1
-1
-1
-1
-1
-1
-1
-1
-1
-1
-1
-1
-1
-1
-1
-1
-1
-1
-1
-1
-1
-1
-1
-1
-1
-1
-1
-1
-1
-1
-1
-1
-1
-1
-1
-1
-1
-1
-1
-1
-1
-1
-1
-1
-1
-1
-1
-1
-1
-1
-1
-1
-1
-1
-1
-1
-1
-1
-1
-1
-1
-1
-1
-1
-1
-1
-1
-1
-1
-1
-1
-1
-1
-1
-1
-1
-1
-1
-1
-1
-1
-1
-1
-1
-1
-1
-1
-1
-1
-1
-1
-1
-1
-1
-1
-1
-1
-1
-1
-1
-1
-1
-1
-1
-1
-1
-1
-1
-1
-1
-1
-1
-1
-1
-1
-1
-1
-1
-1
-1
-1
-1
-1
-1
-1
-1
-1
-1
-1
-1
-1
-1
-1
-1
-1
-1
-1
-1
-1
-1
-1
-1
-1
-1
-1
-1
-1
-1
-1
-1
-1
-1
-1
-1
-1
-1
-1
-1
-1
-1
-1
-1
-1
-1
-1
-1
-1
-1
-1
-1
-1
-1
-1
-1
-1
-1
-1
-1
-1
-1
-1
-1
-1
-1
-1
-1
-1
-1
-1
-1
-1
-1
-1
-1
-1
-1
-1
-1
-1
-1
-1
-1
-1
-1
-1
-1
-1
-1
-1
-1
-1
-1
-1
-1
-1
-1
-1
-1
-1
-1
-1
-1
-1
-1
-1
-1
-1
-1
-1
-1
-1
-1
-1
-1
-1
-1
-1
-1
-1
-1
-1
-1
-1
-1
-1
-1
-1
-1
-1
-1
-1
-1
-1
-1
-1
-1
-1
-1
-1
-1
-1
-1
-1
-1
-1
-1
-1
-1
-1
-1
-1
-1
-1
-1
-1
-1
-1
-1
-1
-1
-1
-1
-1
-1
-1
-1
-1
-1
-1
-1
-1
-1
-1
-1
-1
-1
-1
-1
-1
-1
-1
-1
-1
-1
-1
-1
-1
-1
-1
-1
-1
-1
-1
-1
-1
-1
-1
-1
-1
-1
-1
-1
-1
-1
-1
-1
-1
-1
-1
-1
-1
-1
-1
-1
-1
-1
-1
-1
-1
-1
-1
-1
-1
-1
-1
-1
-1
-1
-1
-1
-1
-1
-1
-1
-1
-1
-1
-1
-1
-1
-1
-1
-1
-1
-1
-1
-1
-1
-1
-1
-1
-1
-1
-1
-1
-1
-1
-1
-1
-1
-1
-1
-1
-1
-1
-1
-1
-1
-1
-1
-1
-1
-1
-1
-1
-1
-1
-1
-1
-1
-1
-1
-1
-1
-1
-1
-1
-1
-1
-1
-1
-1
-1
-1
-1
-1
-1
-1
-1
-1
-1
-1
-1
-1
-1
-1
-1
-1
-1
-1
-1
-1
-1
-1
-1
-1
-1
-1
-1
-1
-1
-1
-1
-1
-1
-1
-1
-1
-1
-1
-1
-1
-1
-1
-1
-1
-1
-1
-1
-1
-1
-1
-1
-1
-1
-1
-1
-1
-1
-1
-1
-1
-1
-1
-1
-1
-1
-1
-1
-1
-1
-1
-1
-1
-1
-1
-1
-1
-1
-1
-1
-1
-1
-1
-1
-1
-1
-1
-1
-1
-1
-1
-1
-1
-1
-1
-1
-1
-1
-1
-1
-1
-1
-1
-1
-1
-1
-1
-1
-1
-1
-1
-1
-1
-1
-1
-1
-1
-1
-1
-1
-1
-1
-1
-1
-1
-1
-1
-1
-1
-1
-1
-1
-1
-1
-1
-1
-1
-1
-1
-1
-1
-1
-1
-1
-1
-1
-1
-1
-1
-1
-1
-1
-1
-1
-1
-1
-1
-1
-1
-1
-1
-1
-1
-1
-1
-1
-1
-1
-1
-1
-1
-1
-1
-1
-1
-1
-1
-1
-1
-1
-1
-1
-1
-1
-1
-1
-1
-1
-1
-1
-1
-1
-1
-1
-1
-1
-1
-1
-1
-1
-1
-1
-1
-1
-1
-1
-1
-1
-1
-1
-1
-1
-1
-1
-1
-1
-1
-1
-1
-1
-1
-1
-1
-1
-1
-1
-1
-1
-1
-1
-1
-1
-1
-1
-1
-1
-1
-1
-1
-1
-1
-1
-1
-1
-1
-1
-1
-1
-1
-1
-1
-1
-1
-1
-1
-1
-1
-1
-1
-1
-1
-1
-1
-1
-1
-1
-1
-1
-1
-1
-1
-1
-1
-1
-1
-1
-1
-1
-1
-1
-1
-1
-1
-1
-1
-1
-1
-1
-1
-1
-1
-1
-1
-1
-1
-1
-1
-1
-1
-1
-1
-1
-1
-1
-1
-1
-1
-1
-1
-1
-1
-1
-1
-1
-1
-1
-1
-1
-1
-1
-1
-1
-1
-1
-1
-1
-1
-1
-1
-1
-1
-1
-1
-1
-1
-1
-1
-1
-1
-1
-1
-1
-1
-1
-1
-1
-1
-1
-1
-1
-1
-1
-1
-1
-1
-1
-1
-1
-1
-1
-1
-1
-1
-1
-1
-1
-1
-1
-1
-1
-1
-1
-1
-1
-1
-1
-1
-1
-1
-1
-1
-1
-1
-1
-1
-1
-1
-1
-1
-1
-1
-1
-1
-1
-1
-1
-1
-1
-1
-1
-1
-1
-1
-1
-1
-1
-1
-1
-1
-1
-1
-1
-1
-1
-1
-1
-1
-1
-1
-1
-1
-1
-1
-1
-1
-1
-1
-1
-1
-1
-1
-1
-1
-1
-1
-1
-1
-1
-1
-1
-1
-1
-1
-1
-1
-1
-1
-1
-1
-1
-1
-1
-1
-1
-1
-1
-1
-1
-1
-1
-1
-1
-1
-1
-1
-1
-1
-1
-1
-1
-1
-1
-1
-1
-1
-1
-1
-1
-1
-1
-1
-1
-1
-1
-1
-1
-1
-1
-1
-1
-1
-1
-1
-1
-1
-1
-1
-1
-1
-1
-1
-1
-1
-1
-1
-1
-1
-1
-1
-1
-1
-1
-1
-1
-1
-1
-1
-1
-1
-1
-1
-1
-1
-1
-1
-1
-1
-1
-1
-1
-1
-1
-1
-1
-1
-1
-1
-1
-1
-1
-1
-1
-1
-1
-1
-1
-1
-1
-1
-1
-1
-1
-1
-1
-1
-1
-1
-1
-1
-1
-1
-1
-1
-1
-1
-1
-1
-1
-1
-1
-1
-1
-1
-1
-1
-1
-1
-1
-1
-1
-1
-1
-1
-1
-1
-1
-1
-1
-1
-1
-1
-1
-1
-1
-1
-1
-1
-1
-1
-1
-1
-1
-1
-1
-1
-1
-1
-1
-1
-1
-1
-1
-1
-1
-1
-1
-1
-1
-1
-1
-1
-1
-1
-1
-1
-1
-1
-1
-1
-1
-1
-1
-1
-1
-1
-1
-1
-1
-1
-1
-1
-1
-1
-1
-1
-1
-1
-1
-1
-1
-1
-1
-1
-1
-1
-1
-1
-1
-1
-1
-1
-1
-1
-1
-1
-1
-1
-1
-1
-1
-1
-1
-1
-1
-1
-1
-1
-1
-1
-1
-1
-1
-1
-1
-1
-1
-1
-1
-1
-1
-1
-1
-1
-1
-1
-1
-1
-1
-1
-1
-1
-1
-1
-1
-1
-1
-1
-1
-1
-1
-1
-1
-1
-1
-1
-1
-1
-1
-1
-1
-1
-1
-1
-1
-1
-1
-1
-1
-1
-1
-1
-1
-1
-1
-1
-1
-1
-1
-1
-1
-1
-1
-1
-1
-1
-1
-1
-1
-1
-1
-1
-1
-1
-1
-1
-1
-1
-1
-1
-1
-1
-1
-1
-1
-1
-1
-1
-1
-1
-1
-1
-1
-1
-1
-1
-1
-1
-1
-1
-1
-1
-1
-1
-1
-1
-1
-1
-1
-1
-1
-1
-1
-1
-1
-1
-1
-1
-1
-1
-1
-1
-1
-1
-1
-1
-1
-1
-1
-1
-1
-1
-1
-1
-1
-1
-1
-1
-1
-1
-1
-1
-1
-1
-1
-1
-1
-1
-1
-1
-1
-1
-1
-1
-1
-1
-1
-1
-1
-1
-1
-1
-1
-1
-1
-1
-1
-1
-1
-1
-1
-1
-1
-1
-1
-1
-1
-1
-1
-1
-1
-1
-1
-1
-1
-1
-1
-1
-1
-1
-1
-1
-1
-1
-1
-1
-1
-1
-1
-1
-1
-1
-1
-1
-1
-1
-1
-1
-1
-1
-1
-1
-1
-1
-1
-1
-1
-1
-1
-1
-1
-1
-1
-1
-1
-1
-1
-1
-1
-1
-1
-1
-1
-1
-1
-1
-1
-1
-1
-1
-1
-1
-1
-1
-1
-1
-1
-1
-1
-1
-1
-1
-1
-1
-1
-1
-1
-1
-1
-1
-1
-1
-1
-1
-1
-1
-1
-1
-1
-1
-1
-1
-1
-1
-1
-1
-1
-1
-1
-1
-1
-1
-1
-1
-1
-1
-1
-1
-1
-1
-1
-1
-1
-1
-1
-1
-1
-1
-1
-1
-1
-1
-1
-1
-1
-1
-1
-1
-1
-1
-1
-1
-1
-1
-1
-1
-1
-1
-1
-1
-1
-1
-1
-1
-1
-1
-1
-1
-1
-1
-1
-1
-1
-1
-1
-1
-1
-1
-1
-1
-1
-1
-1
-1
-1
-1
-1
-1
-1
-1
-1
-1
-1
-1
-1
-1
-1
-1
-1
-1
-1
-1
-1
-1
-1
-1
-1
-1
-1
-1
-1
-1
-1
-1
-1
-1
-1
-1
-1
-1
-1
-1
-1
-1
-1
-1
-1
-1
-1
-1
-1
-1
-1
-1
-1
-1
-1
-1
-1
-1
-1
-1
-1
-1
-1
-1
-1
-1
-1
-1
-1
-1
-1
-1
-1
-1
-1
-1
-1
-1
-1
-1
-1
-1
-1
-1
-1
-1
-1
-1
-1
-1
-1
-1
-1
-1
-1
-1
-1
-1
-1
-1
-1
-1
-1
-1
-1
-1
-1
-1
-1
-1
-1
-1
-1
-1
-1
-1
-1
-1
-1
-1
-1
-1
-1
-1
-1
-1
-1
-1
-1
-1
-1
-1
-1
-1
-1
-1
-1
-1
-1
-1
-1
-1
-1
-1
-1
-1
-1
-1
-1
-1
-1
-1
-1
-1
-1
-1
-1
-1
-1
-1
-1
-1
-1
-1
-1
-1
-1
-1
-1
-1
-1
-1
-1
-1
-1
-1
-1
-1
-1
-1
-1
-1
-1
-1
-1
-1
-1
-1
-1
-1
-1
-1
-1
-1
-1
-1
-1
-1
-1
-1
-1
-1
-1
-1
-1
-1
-1
-1
-1
-1
-1
-1
-1
-1
-1
-1
-1
-1
-1
-1
-1
-1
-1
-1
-1
-1
-1
-1
-1
-1
-1
-1
-1
-1
-1
-1
-1
-1
-1
-1
-1
-1
-1
-1
-1
-1
-1
-1
-1
-1
-1
-1
-1
-1
-1
-1
-1
-1
-1
-1
-1
-1
-1
-1
-1
-1
-1
-1
-1
-1
-1
-1
-1
-1
-1
-1
-1
-1
-1
-1
-1
-1
-1
-1
-1
-1
-1
-1
-1
-1
-1
-1
-1
-1
-1
-1
-1
-1
-1
-1
-1
-1
-1
-1
-1
-1
-1
-1
-1
-1
-1
-1
-1
-1
-1
-1
-1
-1
-1
-1
-1
-1
-1
-1
-1
-1
-1
-1
-1
-1
-1
-1
-1
-1
-1
-1
-1
-1
-1
-1
-1
-1
-1
-1
-1
-1
-1
-1
-1
-1
-1
-1
-1
-1
-1
-1
-1
-1
-1
-1
-1
-1
-1
-1
-1
-1
-1
-1
-1
-1
-1
-1
-1
-1
-1
-1
-1
-1
-1
-1
-1
-1
-1
-1
-1
-1
-1
-1
-1
-1
-1
-1
-1
-1
-1
-1
-1
-1
-1
-1
-1
-1
-1
-1
-1
-1
-1
-1
-1
-1
-1
-1
-1
-1
-1
-1
-1
-1
-1
-1
-1
-1
-1
-1
-1
-1
-1
-1
-1
-1
-1
-1
-1
-1
-1
-1
-1
-1
-1
-1
-1
-1
-1
-1
-1
-1
-1
-1
-1
-1
-1
-1
-1
-1
-1
-1
-1
-1
-1
-1
-1
-1
-1
-1
-1
-1
-1
-1
-1
-1
-1
-1
-1
-1
-1
-1
-1
-1
-1
-1
-1
-1
-1
-1
-1
-1
-1
-1
-1
-1
-1
-1
-1
-1
-1
-1
-1
-1
-1
-1
-1
-1
-1
-1
-1
-1
-1
-1
-1
-1
-1
-1
-1
-1
-1
-1
-1
-1
-1
-1
-1
-1
-1
-1
-1
-1
-1
-1
-1
-1
-1
-1
-1
-1
-1
-1
-1
-1
-1
-1
-1
-1
-1
-1
-1
-1
-1
-1
-1
-1
-1
-1
-1
-1
-1
-1
-1
-1
-1
-1
-1
-1
-1
-1
-1
-1
-1
-1
-1
-1
-1
-1
-1
-1
-1
-1
-1
-1
-1
-1
-1
-1
-1
-1
-1
-1
-1
-1
-1
-1
-1
-1
-1
-1
-1
-1
-1
-1
-1
-1
-1
-1
-1
-1
-1
-1
-1
-1
-1
-1
-1
-1
-1
-1
-1
-1
-1
-1
-1
-1
-1
-1
-1
-1
-1
-1
-1
-1
-1
-1
-1
-1
-1
-1
-1
-1
-1
-1
-1
-1
-1
-1
-1
-1
-1
-1
-1
-1
-1
-1
-1
-1
-1
-1
-1
-1
-1
-1
-1
-1
-1
-1
-1
-1
-1
-1
-1
-1
-1
-1
-1
-1
-1
-1
-1
-1
-1
-1
-1
-1
-1
-1
-1
-1
-1
-1
-1
-1
-1
-1
-1
-1
-1
-1
-1
-1
-1
-1
-1
-1
-1
-1
-1
-1
-1
-1
-1
-1
-1
-1
-1
-1
-1
-1
-1
-1
-1
-1
-1
-1
-1
-1
-1
-1
-1
-1
-1
-1
-1
-1
-1
-1
-1
-1
-1
-1
-1
-1
-1
-1
-1
-1
-1
-1
-1
-1
-1
-1
-1
-1
-1
-1
-1
-1
-1
-1
-1
-1
-1
-1
-1
-1
-1
-1
-1
-1
-1
-1
-1
-1
-1
-1
-1
-1
-1
-1
-1
-1
-1
-1
-1
-1
-1
-1
-1
-1
-1
-1
-1
-1
-1
-1
-1
-1
-1
-1
-1
-1
-1
-1
-1
-1
-1
-1
-1
-1
-1
-1
-1
-1
-1
-1
-1
-1
-1
-1
-1
-1
-1
-1
-1
-1
-1
-1
-1
-1
-1
-1
-1
-1
-1
-1
-1
-1
-1
-1
-1
-1
-1
-1
-1
-1
-1
-1
-1
-1
-1
